Time	Hot_Core	Hot_Temp	FL1	FL2	FL3	FL4	FL5	FL6	T_Set	T_Preserve
10	2	56	0	0	0
20	1	66	0	0	0
30	3	63	0	0	0
40	1	57	0	0	0
50	2	64	0	0	0
60	2	67	0	0	0
70	1	68	0	0	0
80	2	67	0	0	0
90	1	61	0	0	0
100	3	67	0	0	0
110	1	70	1	1	1
120	1	66	1	1	1
130	1	67	1	1	1
140	3	64	1	1	1
150	3	64	1	1	1
160	3	64	1	1	1
170	3	64	1	1	1
180	2	63	0	0	0
190	1	67	0	0	0
200	1	63	0	0	0
210	1	68	0	0	0
220	1	72	1	1	1
230	1	69	1	1	1
240	1	69	1	1	1
250	1	70	1	1	1
260	1	70	1	1	1
270	1	68	1	1	1
280	1	69	1	1	1
290	2	65	1	1	1
300	1	69	1	1	1
310	2	67	1	1	1
320	2	69	1	1	1
330	1	70	1	1	1
340	1	65	1	1	1
350	3	68	1	1	1
360	3	68	1	1	1
370	1	71	1	1	1
380	1	71	1	1	1
390	1	71	1	1	1
400	1	68	1	1	1
410	2	67	1	1	1
420	1	71	1	1	1
430	3	69	1	1	1
440	1	72	1	1	1
450	1	71	1	1	1
460	1	70	1	1	1
470	1	72	1	1	1
480	1	72	1	1	1
490	1	70	1	1	1
500	2	71	1	1	1
510	3	73	1	1	1
520	1	73	1	1	1
530	1	73	1	1	1
540	1	73	1	1	1
550	1	73	1	1	1
560	1	73	1	1	1
570	1	74	1	1	1
580	1	74	1	1	1
590	1	74	1	1	1
600	1	74	1	1	1
610	1	73	1	1	1
620	3	72	1	1	1
630	2	75	1	1	1
640	1	76	1	1	1
650	1	75	1	1	1
660	1	75	1	1	1
670	1	75	1	1	1
680	1	76	1	1	1
690	1	75	1	1	1
700	1	76	1	1	1
710	1	75	1	1	1
720	1	75	1	1	1
730	2	75	1	1	1
740	1	76	1	1	1
750	1	76	1	1	1
760	1	76	1	1	1
770	1	77	1	1	1
780	1	76	1	1	1
790	1	75	1	1	1
800	1	76	1	1	1
810	1	78	1	1	1
820	1	76	1	1	1
830	1	78	1	1	1
840	1	77	1	1	1
850	1	76	1	1	1
860	1	77	1	1	1
870	1	76	1	1	1
880	1	77	1	1	1
890	3	77	1	1	1
900	2	77	1	1	1
910	3	77	1	1	1
920	2	77	1	1	1
930	2	76	1	1	1
940	3	76	1	1	1
950	3	76	1	1	1
960	3	75	1	1	1
970	3	75	1	1	1
980	3	75	1	1	1
990	3	75	1	1	1
1000	1	78	1	1	1
1010	3	77	1	1	1
1020	1	77	1	1	1
1030	1	80	1	1	1
1040	1	78	1	1	1
1050	1	79	1	1	1
1060	1	77	1	1	1
1070	1	72	1	1	1
1080	1	72	1	1	1
1090	2	75	1	1	1
1100	1	73	1	1	1
1110	2	79	1	1	1
1120	2	77	1	1	1
1130	2	78	1	1	1
1140	2	79	1	1	1
1150	3	77	1	1	1
1160	1	81	1	1	1
1170	1	80	1	1	1
1180	1	80	1	1	1
1190	1	81	1	1	1
1200	1	78	1	1	1
1210	2	79	1	1	1
1220	1	80	1	1	1
1230	3	78	1	1	1
1240	1	80	1	1	1
1250	1	80	1	1	1
1260	1	82	1	1	1
1270	1	79	1	1	1
1280	1	80	1	1	1
1290	1	82	1	1	1
1300	1	81	1	1	1
1310	1	81	1	1	1
1320	1	81	1	1	1
1330	1	81	1	1	1
1340	1	82	1	1	1
1350	1	81	1	1	1
1360	1	81	1	1	1
1370	1	81	1	1	1
1380	1	81	1	1	1
1390	1	82	1	1	1
1400	1	80	1	1	1
1410	1	82	1	1	1
1420	1	82	1	1	1
1430	1	81	1	1	1
1440	1	81	1	1	1
1450	3	80	1	1	1
1460	1	81	1	1	1
1470	1	79	1	1	1
1480	1	80	1	1	1
1490	1	81	1	1	1
1500	1	80	1	1	1
1510	3	79	1	1	1
1520	1	80	1	1	1
1530	2	81	1	1	1
1540	2	81	1	1	1
1550	2	81	1	1	1
1560	3	78	1	1	1
1570	3	79	1	1	1
1580	3	80	1	1	1
1590	2	82	1	1	1
1600	2	81	1	1	1
1610	2	81	1	1	1
1620	3	80	1	1	1
1630	2	82	1	1	1
1640	2	81	1	1	1
1650	3	80	1	1	1
1660	3	79	1	1	1
1670	3	80	1	1	1
1680	3	81	1	1	1
1690	1	76	1	1	1
1700	1	77	1	1	1
1710	1	83	1	1	1
1720	1	83	1	1	1
1730	1	83	1	1	1
1740	1	83	1	1	1
1750	1	83	1	1	1
1760	1	83	1	1	1
1770	1	83	1	1	1
1780	1	83	1	1	1
1790	1	82	1	1	1
1800	1	84	1	1	1
1810	1	84	1	1	1
1820	1	83	1	1	1
1830	1	84	1	1	1
1840	1	84	1	1	1
1850	3	80	1	1	1
1860	2	81	1	1	1
1870	3	80	1	1	1
1880	3	80	1	1	1
1890	2	80	1	1	1
1900	2	81	1	1	1
1910	2	80	1	1	1
1920	3	81	1	1	1
1930	3	80	1	1	1
1940	1	82	1	1	1
1950	3	80	1	1	1
1960	1	83	1	1	1
1970	1	83	1	1	1
1980	1	84	1	1	1
1990	1	84	1	1	1
2000	1	83	1	1	1
2010	2	83	1	1	1
2020	2	83	1	1	1
2030	2	83	1	1	1
2040	2	82	1	1	1
2050	1	84	1	1	1
2060	1	84	1	1	1
2070	1	83	1	1	1
2080	1	84	1	1	1
2090	1	84	1	1	1
2100	1	82	1	1	1
2110	1	84	1	1	1
2120	3	82	1	1	1
2130	1	78	1	1	1
2140	3	80	1	1	1
2150	2	82	1	1	1
2160	2	82	1	1	1
2170	2	82	1	1	1
2180	3	80	1	1	1
2190	3	81	1	1	1
2200	3	81	1	1	1
2210	2	82	1	1	1
2220	2	83	1	1	1
2230	2	83	1	1	1
2240	1	84	1	1	1
2250	1	80	1	1	1
2260	2	82	1	1	1
2270	2	82	1	1	1
2280	2	81	1	1	1
2290	1	83	1	1	1
2300	1	85	1	1	1
2310	1	84	1	1	1
2320	1	84	1	1	1
2330	1	81	1	1	1
2340	1	84	1	1	1
2350	1	84	1	1	1
2360	1	84	1	1	1
2370	1	85	1	1	1
2380	1	86	1	1	1
2390	1	85	1	1	1
2400	1	84	1	1	1
2410	1	84	1	1	1
2420	1	85	1	1	1
2430	1	84	1	1	1
2440	1	85	1	1	1
2450	1	85	1	1	1
2460	1	85	1	1	1
2470	1	85	1	1	1
2480	1	85	1	1	1
2490	1	86	1	1	1
2500	2	86	1	1	1
2510	1	85	1	1	1
2520	1	83	1	1	1
2530	1	85	1	1	1
2540	1	84	1	1	1
2550	1	85	1	1	1
2560	1	84	1	1	1
2570	1	85	1	1	1
2580	1	85	1	1	1
2590	1	85	1	1	1
2600	3	83	1	1	1
2610	1	85	1	1	1
2620	2	86	1	1	1
2630	2	84	1	1	1
2640	1	85	1	1	1
2650	1	85	1	1	1
2660	1	85	1	1	1
2670	1	85	1	1	1
2680	1	85	1	1	1
2690	1	86	1	1	1
2700	1	86	1	1	1
2710	2	86	1	1	1
2720	1	84	1	1	1
2730	1	85	1	1	1
2740	1	84	1	1	1
2750	1	82	1	1	1
2760	1	85	1	1	1
2770	1	85	1	1	1
2780	1	84	1	1	1
2790	1	84	1	1	1
2800	1	83	1	1	1
2810	1	85	1	1	1
2820	1	86	1	1	1
2830	2	83	1	1	1
2840	1	80	1	1	1
2850	1	80	1	1	1
2860	1	79	1	1	1
2870	3	85	1	1	1
2880	3	84	1	1	1
2890	1	85	1	1	1
2900	2	86	1	1	1
2910	1	85	1	1	1
2920	1	85	1	1	1
2930	1	85	1	1	1
2940	1	85	1	1	1
2950	1	84	1	1	1
2960	2	83	1	1	1
2970	3	83	1	1	1
2980	2	84	1	1	1
2990	3	83	1	1	1
3000	1	86	1	1	1
