Time	Hot_Core	Hot_Temp	FL_Set	T_Set	T_Preserve
10	2	65	0	80	10
20	2	63	0	80	10
30	2	65	0	80	10
40	3	65	0	80	10
50	1	67	0	80	10
60	1	67	0	80	10
70	1	68	0	80	10
80	1	57	0	80	10
90	1	59	0	80	10
100	3	69	1	80	10
110	1	65	0	80	10
120	1	70	1	80	10
130	1	67	0	80	10
140	2	72	1	80	10
150	1	67	0	80	10
160	2	71	1	80	10
170	2	66	0	80	10
180	2	72	1	80	10
190	1	68	0	80	10
200	1	72	1	80	10
210	1	68	0	80	10
220	1	62	0	80	10
230	1	65	0	80	10
240	3	73	1	80	10
250	1	69	1	80	10
260	1	69	1	80	10
270	1	69	1	80	10
280	1	64	0	80	10
290	1	64	0	80	10
300	3	77	1	80	10
310	1	70	1	80	10
320	2	69	1	80	10
330	1	72	1	80	10
340	1	70	1	80	10
350	3	70	1	80	10
360	1	65	0	80	10
370	3	76	1	80	10
380	1	73	1	80	10
390	1	71	1	80	10
400	3	72	1	80	10
410	3	71	1	80	10
420	1	68	0	80	10
430	1	72	1	80	10
440	1	73	1	80	10
450	1	73	1	80	10
460	3	74	1	80	10
470	2	73	1	80	10
480	1	73	1	80	10
490	1	75	1	80	10
500	1	75	1	80	10
510	1	73	1	80	10
520	1	67	0	80	10
530	1	69	1	80	10
540	3	73	1	80	10
550	1	74	1	80	10
560	1	74	1	80	10
570	1	75	1	80	10
580	3	73	1	80	10
590	2	73	1	80	10
600	1	76	1	80	10
