Time	Core1_T	Core2_T	Core3_T	Core1_U	Core2_U	Core3_U
1	54	64	64	0.455764	0.428571	0.428790
2	54	51	60	0.455764	0.428571	0.436447
3	65	51	50	0.455764	0.440476	0.436447
4	54	51	51	0.428954	0.428571	0.436447
5	56	65	65	0.428954	0.428571	0.436447
6	65	65	64	0.428954	0.440476	0.436447
7	56	50	51	0.455764	0.428571	0.436447
8	54	50	52	0.428954	0.440476	0.436447
9	65	54	64	0.455764	0.428571	0.428790
10	64	65	64	0.428954	0.428571	0.436447
11	56	64	54	0.428954	0.428571	0.436447
12	66	53	52	0.428954	0.440476	0.436447
13	65	52	53	0.428954	0.428571	0.436447
14	55	53	63	0.455764	0.440476	0.436447
15	60	65	64	0.428954	0.428571	0.428790
16	66	66	55	0.428954	0.428571	0.428790
17	57	52	53	0.428954	0.440476	0.436447
18	56	53	64	0.455764	0.428571	0.436447
19	66	54	63	0.455764	0.440476	0.436447
20	55	63	54	0.428954	0.428571	0.436447
21	56	65	54	0.428954	0.428571	0.428790
22	67	56	65	0.455764	0.428571	0.436447
23	55	52	64	0.455764	0.440476	0.436447
24	55	51	53	0.455764	0.428571	0.436447
25	67	65	55	0.428954	0.428571	0.436447
26	63	65	57	0.428954	0.428571	0.428790
27	57	55	66	0.428954	0.428571	0.436447
28	66	54	63	0.455764	0.428571	0.436447
29	62	51	53	0.455764	0.428571	0.436447
30	56	65	55	0.428954	0.428571	0.436447
31	67	67	67	0.455764	0.440476	0.436447
32	66	58	66	0.455764	0.428571	0.428790
33	56	52	54	0.428954	0.428571	0.428790
34	67	54	54	0.428954	0.428571	0.436447
35	66	66	65	0.455764	0.428571	0.436447
36	56	66	67	0.455764	0.428571	0.436447
37	58	67	56	0.428954	0.440476	0.436447
38	67	54	54	0.428954	0.428571	0.436447
39	57	52	54	0.455764	0.428571	0.428790
40	57	54	65	0.455764	0.440476	0.436447
41	67	65	64	0.455764	0.428571	0.436447
42	57	65	56	0.428954	0.428571	0.436447
43	58	52	56	0.455764	0.440476	0.436447
44	67	56	66	0.428954	0.428571	0.436447
45	56	54	64	0.428954	0.440476	0.436447
46	57	65	57	0.455764	0.428571	0.428790
47	68	68	58	0.455764	0.428571	0.436447
48	66	54	67	0.428954	0.428571	0.436447
49	56	53	66	0.428954	0.428571	0.436447
50	67	53	53	0.428954	0.428571	0.436447
51	67	66	56	0.428954	0.428571	0.436447
52	58	66	58	0.428954	0.440476	0.436447
53	68	57	67	0.428954	0.428571	0.428790
54	67	53	62	0.428954	0.428571	0.428790
55	56	52	55	0.455764	0.440476	0.436447
56	60	67	58	0.428954	0.428571	0.436447
57	68	68	68	0.455764	0.428571	0.436447
58	57	54	66	0.428954	0.440476	0.436447
59	57	53	55	0.455764	0.428571	0.428790
60	67	53	55	0.455764	0.428571	0.436447
61	57	67	69	0.455764	0.440476	0.436447
62	59	68	69	0.428954	0.428571	0.436447
63	68	55	57	0.455764	0.428571	0.436447
64	57	52	56	0.428954	0.428571	0.428790
65	57	54	58	0.455764	0.440476	0.436447
66	69	68	68	0.455764	0.428571	0.436447
67	62	66	64	0.455764	0.428571	0.436447
68	57	55	56	0.428954	0.428571	0.436447
69	69	56	57	0.428954	0.440476	0.436447
70	68	56	67	0.455764	0.416667	0.428790
71	58	66	67	0.428954	0.428571	0.428790
72	63	68	58	0.428954	0.428571	0.436447
73	69	61	58	0.455764	0.428571	0.428790
74	59	56	68	0.428954	0.440476	0.428790
75	60	55	67	0.455764	0.428571	0.428790
76	68	67	56	0.428954	0.440476	0.436447
77	58	67	58	0.455764	0.428571	0.436447
78	59	69	61	0.455764	0.440476	0.428790
79	69	56	67	0.455764	0.428571	0.428790
80	57	53	54	0.455764	0.428571	0.436447
81	58	62	55	0.428954	0.428571	0.436447
82	70	69	58	0.428954	0.428571	0.428790
83	60	68	70	0.455764	0.428571	0.436447
84	59	56	67	0.428954	0.428571	0.436447
85	69	55	56	0.455764	0.428571	0.436447
86	66	53	55	0.428954	0.440476	0.436447
87	60	69	69	0.428954	0.428571	0.428790
88	68	70	69	0.455764	0.440476	0.428790
89	69	55	56	0.428954	0.428571	0.436447
90	59	54	58	0.428954	0.428571	0.436447
91	70	57	60	0.428954	0.440476	0.436447
92	68	69	69	0.455764	0.428571	0.436447
93	59	68	59	0.455764	0.440476	0.436447
94	61	56	57	0.428954	0.428571	0.428790
95	70	57	57	0.455764	0.428571	0.436447
96	59	58	69	0.428954	0.428571	0.436447
97	60	69	69	0.455764	0.440476	0.436447
98	71	69	59	0.428954	0.428571	0.436447
99	59	57	58	0.428954	0.440476	0.436447
100	60	56	69	0.455764	0.428571	0.428790
101	65	56	64	0.563003	0.559524	0.428790
102	58	62	57	0.589812	0.559524	0.558959
103	59	62	58	0.563003	0.547619	0.566616
104	65	64	64	0.563003	0.559524	0.566616
105	65	54	64	0.563003	0.547619	0.558959
106	58	53	56	0.563003	0.559524	0.558959
107	65	63	56	0.563003	0.559524	0.558959
108	65	64	64	0.563003	0.559524	0.558959
109	59	65	64	0.563003	0.559524	0.558959
110	65	55	62	0.563003	0.559524	0.551302
111	69	55	56	0.455764	0.428571	0.482389
112	59	67	58	0.428954	0.428571	0.436447
113	65	71	71	0.455764	0.440476	0.436447
114	69	61	70	0.428954	0.428571	0.436447
115	59	54	57	0.455764	0.428571	0.436447
116	61	55	58	0.428954	0.440476	0.436447
117	69	70	63	0.428954	0.428571	0.428790
118	61	70	71	0.428954	0.428571	0.428790
119	62	70	60	0.428954	0.428571	0.436447
120	70	57	57	0.455764	0.428571	0.428790
121	60	56	64	0.589812	0.559524	0.428790
122	60	63	64	0.563003	0.559524	0.558959
123	67	64	64	0.563003	0.547619	0.566616
124	61	63	58	0.563003	0.559524	0.558959
125	60	63	58	0.563003	0.559524	0.558959
126	64	56	59	0.563003	0.547619	0.558959
127	64	57	64	0.563003	0.559524	0.558959
128	65	55	63	0.589812	0.559524	0.558959
129	58	63	58	0.563003	0.547619	0.558959
130	67	64	58	0.589812	0.547619	0.558959
131	68	60	66	0.428954	0.428571	0.558959
132	61	56	69	0.428954	0.428571	0.436447
133	63	57	57	0.455764	0.440476	0.436447
134	71	71	59	0.428954	0.428571	0.428790
135	63	71	60	0.428954	0.440476	0.428790
136	63	61	71	0.455764	0.428571	0.436447
137	70	59	68	0.428954	0.428571	0.436447
138	60	57	57	0.428954	0.440476	0.428790
139	63	70	60	0.428954	0.428571	0.428790
140	71	72	71	0.455764	0.428571	0.436447
141	61	59	69	0.536193	0.559524	0.436447
142	62	57	58	0.563003	0.559524	0.558959
143	66	57	58	0.563003	0.559524	0.558959
144	61	66	65	0.589812	0.547619	0.558959
145	61	66	65	0.563003	0.559524	0.558959
146	67	65	59	0.589812	0.547619	0.558959
147	66	56	58	0.563003	0.559524	0.558959
148	61	57	64	0.589812	0.559524	0.558959
149	68	65	65	0.563003	0.559524	0.558959
150	67	65	64	0.563003	0.547619	0.558959
151	61	65	58	0.455764	0.428571	0.436447
152	62	57	59	0.428954	0.440476	0.436447
153	72	59	70	0.428954	0.428571	0.436447
154	61	70	69	0.428954	0.428571	0.436447
155	63	71	60	0.455764	0.428571	0.428790
156	72	63	60	0.428954	0.440476	0.428790
157	62	60	69	0.428954	0.428571	0.436447
158	62	59	69	0.455764	0.440476	0.436447
159	71	70	60	0.428954	0.428571	0.436447
160	62	71	60	0.428954	0.428571	0.436447
161	63	72	62	0.563003	0.440476	0.436447
162	67	59	65	0.563003	0.559524	0.558959
163	66	57	65	0.563003	0.559524	0.558959
164	61	64	57	0.563003	0.547619	0.558959
165	67	66	60	0.563003	0.547619	0.558959
166	67	67	65	0.563003	0.559524	0.566616
167	61	58	66	0.563003	0.559524	0.551302
168	67	57	57	0.563003	0.559524	0.551302
169	68	58	57	0.563003	0.559524	0.566616
170	62	66	65	0.563003	0.547619	0.558959
171	66	73	72	0.455764	0.452381	0.436447
172	71	59	59	0.455764	0.440476	0.428790
173	61	58	59	0.455764	0.428571	0.428790
174	62	59	60	0.428954	0.428571	0.436447
175	72	72	71	0.428954	0.440476	0.436447
176	63	72	71	0.455764	0.428571	0.436447
177	62	58	60	0.455764	0.428571	0.436447
178	71	58	59	0.428954	0.428571	0.436447
179	61	60	70	0.428954	0.440476	0.428790
180	63	72	71	0.455764	0.428571	0.436447
181	68	66	60	0.563003	0.559524	0.436447
182	61	66	59	0.563003	0.547619	0.566616
183	62	58	66	0.589812	0.559524	0.558959
184	67	58	65	0.563003	0.559524	0.558959
185	67	64	58	0.589812	0.547619	0.558959
186	62	65	59	0.563003	0.547619	0.558959
187	68	67	66	0.589812	0.559524	0.558959
188	68	59	65	0.563003	0.559524	0.558959
189	62	57	64	0.589812	0.547619	0.558959
190	68	65	58	0.563003	0.559524	0.558959
191	72	73	62	0.428954	0.428571	0.520674
192	64	65	73	0.455764	0.440476	0.436447
193	63	61	71	0.455764	0.428571	0.436447
194	72	59	59	0.455764	0.440476	0.436447
195	62	70	61	0.428954	0.428571	0.436447
196	65	74	74	0.428954	0.428571	0.436447
197	73	73	72	0.455764	0.440476	0.428790
198	62	58	59	0.455764	0.428571	0.428790
199	63	58	60	0.428954	0.428571	0.436447
200	72	69	62	0.428954	0.440476	0.436447
201	63	67	67	0.563003	0.547619	0.558959
202	61	67	66	0.563003	0.559524	0.558959
203	68	59	60	0.589812	0.559524	0.558959
204	63	58	65	0.563003	0.547619	0.558959
205	63	59	66	0.589812	0.559524	0.558959
206	68	68	66	0.563003	0.559524	0.558959
207	68	67	60	0.563003	0.547619	0.558959
208	63	62	60	0.563003	0.559524	0.558959
209	68	60	66	0.589812	0.559524	0.558959
210	68	58	66	0.563003	0.559524	0.558959
211	63	71	60	0.455764	0.428571	0.558959
212	68	74	63	0.428954	0.428571	0.436447
213	73	63	63	0.455764	0.440476	0.436447
214	64	61	72	0.455764	0.428571	0.436447
215	64	60	69	0.455764	0.440476	0.436447
216	74	74	62	0.428954	0.428571	0.436447
217	64	73	63	0.428954	0.428571	0.428790
218	65	63	73	0.428954	0.440476	0.428790
219	73	62	71	0.455764	0.428571	0.436447
220	62	59	60	0.455764	0.440476	0.436447
221	65	73	63	0.428954	0.428571	0.436447
222	74	76	74	0.455764	0.428571	0.436447
223	64	62	73	0.428954	0.428571	0.428790
224	63	59	62	0.455764	0.440476	0.428790
225	74	61	60	0.428954	0.428571	0.436447
226	72	74	63	0.428954	0.428571	0.436447
227	65	75	74	0.428954	0.440476	0.436447
228	74	63	68	0.428954	0.428571	0.436447
229	74	60	60	0.428954	0.428571	0.428790
230	65	60	62	0.455764	0.440476	0.436447
231	68	75	74	0.428954	0.428571	0.436447
232	74	74	73	0.455764	0.440476	0.436447
233	65	61	63	0.428954	0.428571	0.436447
234	65	61	62	0.455764	0.428571	0.436447
235	75	63	72	0.455764	0.440476	0.428790
236	64	73	73	0.428954	0.428571	0.436447
237	64	73	63	0.455764	0.428571	0.436447
238	74	66	63	0.428954	0.440476	0.436447
239	64	61	62	0.455764	0.428571	0.436447
240	64	62	73	0.455764	0.428571	0.428790
241	68	67	65	0.563003	0.428571	0.428790
242	64	69	62	0.563003	0.547619	0.558959
243	64	69	69	0.563003	0.559524	0.558959
244	69	60	67	0.563003	0.559524	0.558959
245	64	60	67	0.563003	0.559524	0.558959
246	63	65	61	0.563003	0.559524	0.558959
247	70	68	62	0.563003	0.559524	0.566616
248	69	68	68	0.563003	0.547619	0.551302
249	62	61	69	0.589812	0.559524	0.551302
250	69	60	60	0.563003	0.559524	0.558959
251	69	60	61	0.563003	0.559524	0.558959
252	64	68	68	0.589812	0.547619	0.558959
253	70	69	68	0.563003	0.559524	0.558959
254	69	62	61	0.589812	0.559524	0.558959
255	63	60	62	0.563003	0.547619	0.558959
256	70	61	68	0.563003	0.559524	0.558959
257	70	69	69	0.563003	0.559524	0.558959
258	63	69	68	0.563003	0.547619	0.558959
259	67	68	62	0.563003	0.559524	0.558959
260	69	60	62	0.563003	0.559524	0.558959
261	63	60	69	0.563003	0.547619	0.558959
262	65	68	69	0.563003	0.559524	0.558959
263	69	68	62	0.563003	0.547619	0.566616
264	64	68	62	0.563003	0.559524	0.558959
265	64	61	68	0.563003	0.559524	0.551302
266	69	60	69	0.563003	0.547619	0.551302
267	64	67	62	0.563003	0.559524	0.558959
268	65	68	62	0.589812	0.559524	0.566616
269	69	70	70	0.563003	0.547619	0.558959
270	69	60	69	0.589812	0.559524	0.558959
271	63	60	68	0.563003	0.559524	0.558959
272	70	68	62	0.563003	0.559524	0.558959
273	69	69	62	0.563003	0.547619	0.558959
274	63	68	69	0.563003	0.547619	0.558959
275	70	61	68	0.563003	0.547619	0.558959
276	69	60	61	0.563003	0.559524	0.558959
277	63	67	62	0.563003	0.559524	0.558959
278	71	69	70	0.563003	0.547619	0.558959
279	71	68	69	0.563003	0.559524	0.558959
280	64	59	61	0.563003	0.547619	0.558959
281	65	60	62	0.455764	0.428571	0.490046
282	74	64	62	0.455764	0.428571	0.428790
283	66	76	76	0.428954	0.428571	0.428790
284	65	77	75	0.428954	0.428571	0.436447
285	75	63	63	0.428954	0.428571	0.436447
286	63	61	62	0.428954	0.440476	0.436447
287	66	62	73	0.455764	0.428571	0.428790
288	75	76	75	0.455764	0.428571	0.428790
289	74	75	63	0.428954	0.428571	0.436447
290	64	62	63	0.428954	0.428571	0.436447
291	76	64	68	0.428954	0.428571	0.428790
292	75	64	74	0.455764	0.440476	0.428790
293	66	73	65	0.428954	0.428571	0.436447
294	69	77	65	0.455764	0.440476	0.436447
295	75	65	64	0.455764	0.428571	0.436447
296	66	63	74	0.428954	0.428571	0.436447
297	67	63	72	0.428954	0.428571	0.436447
298	75	75	64	0.455764	0.440476	0.436447
299	67	76	65	0.455764	0.428571	0.428790
300	68	65	77	0.455764	0.440476	0.428790
301	71	62	69	0.563003	0.559524	0.436447
302	64	61	62	0.563003	0.559524	0.558959
303	66	69	63	0.563003	0.547619	0.566616
304	70	70	70	0.589812	0.559524	0.566616
305	69	70	70	0.563003	0.559524	0.558959
306	65	60	63	0.589812	0.559524	0.558959
307	71	60	63	0.563003	0.559524	0.558959
308	70	69	69	0.563003	0.559524	0.558959
309	65	69	70	0.589812	0.559524	0.558959
310	70	68	68	0.563003	0.547619	0.558959
311	70	68	68	0.563003	0.547619	0.558959
312	70	61	62	0.563003	0.559524	0.558959
313	64	61	63	0.563003	0.559524	0.558959
314	72	70	70	0.563003	0.559524	0.558959
315	71	70	70	0.563003	0.547619	0.558959
316	66	68	64	0.589812	0.559524	0.566616
317	70	62	63	0.563003	0.547619	0.566616
318	72	62	69	0.589812	0.547619	0.558959
319	65	69	70	0.563003	0.559524	0.558959
320	68	69	62	0.563003	0.559524	0.558959
321	72	69	64	0.536193	0.547619	0.558959
322	66	62	71	0.563003	0.559524	0.558959
323	66	63	70	0.563003	0.547619	0.558959
324	71	61	69	0.589812	0.559524	0.558959
325	65	69	63	0.563003	0.547619	0.558959
326	65	70	64	0.589812	0.547619	0.558959
327	72	64	71	0.563003	0.559524	0.558959
328	69	61	69	0.563003	0.547619	0.558959
329	65	60	62	0.563003	0.547619	0.558959
330	72	69	63	0.563003	0.559524	0.558959
331	71	69	70	0.563003	0.559524	0.558959
332	65	70	70	0.563003	0.559524	0.558959
333	71	61	63	0.563003	0.559524	0.558959
334	70	60	62	0.563003	0.559524	0.558959
335	66	70	70	0.563003	0.547619	0.558959
336	72	71	71	0.563003	0.559524	0.558959
337	71	71	70	0.589812	0.559524	0.558959
338	64	61	64	0.563003	0.559524	0.558959
339	70	62	64	0.563003	0.559524	0.558959
340	70	70	70	0.589812	0.547619	0.558959
341	65	70	71	0.563003	0.547619	0.558959
342	71	69	64	0.563003	0.547619	0.558959
343	71	62	64	0.563003	0.559524	0.558959
344	65	61	71	0.563003	0.559524	0.558959
345	65	70	70	0.563003	0.559524	0.558959
346	71	70	63	0.563003	0.547619	0.558959
347	65	69	64	0.563003	0.559524	0.558959
348	66	63	71	0.563003	0.547619	0.558959
349	71	62	69	0.563003	0.547619	0.558959
350	65	67	70	0.563003	0.559524	0.558959
351	65	69	64	0.589812	0.547619	0.558959
352	71	71	71	0.563003	0.547619	0.558959
353	70	63	70	0.589812	0.559524	0.558959
354	65	62	71	0.563003	0.547619	0.558959
355	71	62	62	0.589812	0.559524	0.558959
356	70	71	64	0.563003	0.547619	0.558959
357	66	72	71	0.563003	0.559524	0.551302
358	73	66	70	0.563003	0.559524	0.558959
359	71	61	63	0.563003	0.547619	0.558959
360	65	61	63	0.563003	0.559524	0.566616
361	69	78	76	0.428954	0.440476	0.505360
362	77	77	77	0.455764	0.428571	0.436447
363	66	63	71	0.455764	0.428571	0.436447
364	68	62	64	0.428954	0.428571	0.436447
365	77	65	65	0.455764	0.428571	0.436447
366	67	77	78	0.428954	0.428571	0.428790
367	68	77	77	0.428954	0.440476	0.436447
368	77	65	65	0.428954	0.428571	0.436447
369	67	62	64	0.455764	0.440476	0.436447
370	68	65	76	0.428954	0.428571	0.436447
371	72	71	71	0.589812	0.547619	0.558959
372	66	71	64	0.563003	0.559524	0.558959
373	68	71	63	0.589812	0.559524	0.558959
374	72	63	72	0.563003	0.559524	0.558959
375	65	62	70	0.563003	0.559524	0.558959
376	66	70	67	0.563003	0.559524	0.558959
377	72	69	63	0.563003	0.547619	0.558959
378	66	71	72	0.563003	0.559524	0.558959
379	67	62	70	0.563003	0.559524	0.558959
380	73	62	69	0.563003	0.547619	0.558959
381	69	68	64	0.563003	0.559524	0.558959
382	67	70	64	0.589812	0.559524	0.558959
383	73	72	72	0.563003	0.547619	0.558959
384	71	63	70	0.536193	0.559524	0.558959
385	67	61	63	0.563003	0.559524	0.558959
386	72	69	64	0.563003	0.547619	0.558959
387	72	71	72	0.563003	0.559524	0.558959
388	68	71	72	0.589812	0.559524	0.558959
389	72	61	64	0.563003	0.547619	0.558959
390	71	61	63	0.563003	0.559524	0.558959
391	67	69	70	0.563003	0.547619	0.558959
392	73	72	72	0.563003	0.559524	0.558959
393	73	71	72	0.563003	0.559524	0.558959
394	67	63	64	0.563003	0.559524	0.558959
395	72	63	64	0.563003	0.547619	0.558959
396	72	63	70	0.563003	0.547619	0.558959
397	66	71	71	0.589812	0.559524	0.558959
398	69	70	64	0.563003	0.559524	0.558959
399	73	64	65	0.563003	0.559524	0.566616
400	66	63	72	0.563003	0.547619	0.558959
401	66	63	71	0.563003	0.559524	0.558959
402	71	71	63	0.589812	0.547619	0.558959
403	69	69	64	0.563003	0.559524	0.558959
404	67	71	72	0.563003	0.559524	0.558959
405	73	63	71	0.563003	0.547619	0.558959
406	71	62	70	0.563003	0.547619	0.558959
407	66	69	64	0.563003	0.559524	0.558959
408	73	70	64	0.563003	0.559524	0.558959
409	73	71	72	0.563003	0.547619	0.558959
410	65	63	71	0.563003	0.559524	0.558959
411	72	62	63	0.563003	0.559524	0.558959
412	71	69	64	0.589812	0.547619	0.558959
413	67	71	71	0.563003	0.559524	0.558959
414	73	71	72	0.563003	0.547619	0.558959
415	72	62	64	0.563003	0.559524	0.558959
416	67	61	63	0.563003	0.559524	0.558959
417	73	71	71	0.563003	0.547619	0.551302
418	72	71	71	0.563003	0.559524	0.558959
419	66	70	70	0.563003	0.559524	0.558959
420	68	62	64	0.563003	0.547619	0.558959
421	77	64	64	0.428954	0.511905	0.520674
422	68	76	77	0.455764	0.428571	0.428790
423	68	78	77	0.428954	0.440476	0.428790
424	80	78	67	0.428954	0.428571	0.436447
425	76	64	65	0.428954	0.428571	0.436447
426	69	64	77	0.455764	0.428571	0.436447
427	78	74	76	0.455764	0.428571	0.428790
428	78	77	66	0.428954	0.428571	0.428790
429	68	76	66	0.428954	0.428571	0.436447
430	72	65	66	0.455764	0.440476	0.436447
431	73	64	72	0.563003	0.428571	0.436447
432	66	62	71	0.563003	0.559524	0.543645
433	73	71	65	0.563003	0.547619	0.558959
434	73	72	66	0.563003	0.559524	0.558959
435	68	65	73	0.563003	0.559524	0.558959
436	73	64	72	0.589812	0.547619	0.558959
437	72	61	64	0.563003	0.559524	0.558959
438	67	70	65	0.563003	0.559524	0.558959
439	68	72	73	0.589812	0.547619	0.558959
440	73	72	73	0.563003	0.559524	0.558959
441	67	62	64	0.589812	0.547619	0.558959
442	67	63	64	0.563003	0.559524	0.558959
443	74	72	73	0.563003	0.559524	0.558959
444	72	71	73	0.563003	0.547619	0.558959
445	67	72	71	0.589812	0.559524	0.558959
446	74	64	64	0.563003	0.547619	0.558959
447	72	63	71	0.563003	0.559524	0.558959
448	68	71	72	0.589812	0.559524	0.558959
449	74	73	72	0.563003	0.547619	0.558959
450	73	71	66	0.589812	0.559524	0.558959
451	68	63	65	0.563003	0.559524	0.558959
452	75	65	72	0.536193	0.559524	0.566616
453	73	71	72	0.589812	0.547619	0.566616
454	67	71	65	0.563003	0.547619	0.558959
455	74	73	66	0.563003	0.547619	0.558959
456	74	65	73	0.589812	0.559524	0.558959
457	67	63	72	0.563003	0.559524	0.558959
458	74	71	71	0.563003	0.547619	0.558959
459	73	72	65	0.563003	0.547619	0.558959
460	68	71	74	0.563003	0.547619	0.558959
461	73	65	72	0.563003	0.559524	0.558959
462	74	64	71	0.563003	0.559524	0.558959
463	67	67	63	0.563003	0.559524	0.558959
464	69	72	65	0.563003	0.547619	0.558959
465	74	73	74	0.563003	0.559524	0.558959
466	68	65	73	0.563003	0.547619	0.558959
467	67	64	64	0.563003	0.559524	0.551302
468	72	64	65	0.563003	0.571429	0.558959
469	67	72	73	0.563003	0.547619	0.558959
470	68	73	73	0.563003	0.547619	0.558959
471	74	66	65	0.563003	0.559524	0.551302
472	69	62	64	0.589812	0.547619	0.558959
473	68	64	72	0.563003	0.559524	0.566616
474	73	72	72	0.589812	0.559524	0.566616
475	73	73	73	0.563003	0.547619	0.558959
476	67	72	65	0.589812	0.559524	0.558959
477	74	64	65	0.563003	0.559524	0.558959
478	72	64	72	0.563003	0.559524	0.558959
479	67	72	72	0.563003	0.547619	0.558959
480	73	71	65	0.563003	0.559524	0.558959
481	74	73	65	0.563003	0.559524	0.558959
482	67	65	72	0.563003	0.559524	0.558959
483	73	65	72	0.563003	0.559524	0.558959
484	73	73	65	0.563003	0.559524	0.558959
485	68	72	65	0.563003	0.547619	0.558959
486	74	73	73	0.563003	0.547619	0.558959
487	73	65	72	0.563003	0.559524	0.558959
488	66	63	72	0.563003	0.559524	0.558959
489	72	72	64	0.563003	0.547619	0.566616
490	75	73	66	0.563003	0.559524	0.558959
491	68	73	72	0.563003	0.559524	0.558959
492	69	66	72	0.563003	0.559524	0.558959
493	73	64	65	0.563003	0.559524	0.558959
494	67	71	65	0.563003	0.559524	0.558959
495	69	73	73	0.563003	0.547619	0.558959
496	74	73	72	0.563003	0.559524	0.558959
497	71	63	64	0.563003	0.559524	0.566616
498	71	63	64	0.563003	0.559524	0.558959
499	68	64	64	0.563003	0.559524	0.558959
500	75	72	71	0.563003	0.559524	0.558959
501	74	73	72	0.589812	0.547619	0.551302
502	68	74	73	0.563003	0.547619	0.566616
503	74	65	65	0.589812	0.559524	0.551302
504	74	65	65	0.563003	0.559524	0.551302
505	67	65	72	0.563003	0.559524	0.566616
506	74	73	72	0.563003	0.559524	0.558959
507	74	73	65	0.563003	0.547619	0.558959
508	69	65	65	0.563003	0.559524	0.558959
509	74	65	73	0.589812	0.559524	0.558959
510	73	65	72	0.563003	0.547619	0.558959
511	67	71	65	0.563003	0.559524	0.558959
512	75	72	65	0.589812	0.547619	0.558959
513	75	73	73	0.563003	0.559524	0.558959
514	67	64	72	0.563003	0.559524	0.558959
515	69	65	72	0.563003	0.559524	0.558959
516	75	74	65	0.563003	0.547619	0.558959
517	68	72	65	0.563003	0.547619	0.566616
518	68	73	73	0.589812	0.559524	0.558959
519	74	65	72	0.563003	0.559524	0.558959
520	67	63	64	0.563003	0.547619	0.558959
521	69	77	67	0.428954	0.428571	0.558959
522	81	81	73	0.428954	0.428571	0.436447
523	79	68	78	0.428954	0.428571	0.428790
524	69	64	66	0.428954	0.440476	0.436447
525	80	65	66	0.455764	0.428571	0.436447
526	80	79	68	0.428954	0.428571	0.428790
527	71	81	79	0.428954	0.428571	0.436447
528	71	70	79	0.428954	0.428571	0.436447
529	78	67	66	0.455764	0.428571	0.436447
530	69	65	66	0.455764	0.428571	0.436447
531	70	78	79	0.589812	0.511905	0.428790
532	75	74	73	0.563003	0.559524	0.558959
533	68	72	65	0.589812	0.559524	0.558959
534	69	65	66	0.563003	0.559524	0.566616
535	75	66	73	0.563003	0.559524	0.558959
536	69	71	73	0.563003	0.559524	0.558959
537	69	72	66	0.563003	0.547619	0.558959
538	74	73	66	0.589812	0.559524	0.558959
539	70	67	74	0.563003	0.559524	0.558959
540	68	66	73	0.563003	0.547619	0.558959
541	74	65	72	0.563003	0.559524	0.558959
542	73	72	66	0.589812	0.559524	0.558959
543	70	73	67	0.563003	0.547619	0.558959
544	76	68	73	0.589812	0.559524	0.558959
545	75	65	72	0.563003	0.559524	0.558959
546	68	64	65	0.563003	0.559524	0.558959
547	75	74	67	0.563003	0.547619	0.558959
548	74	75	73	0.589812	0.559524	0.558959
549	68	73	73	0.563003	0.559524	0.558959
550	74	65	65	0.589812	0.559524	0.558959
551	73	65	66	0.563003	0.559524	0.566616
552	69	74	74	0.589812	0.559524	0.551302
553	75	75	74	0.563003	0.547619	0.566616
554	74	75	73	0.563003	0.559524	0.558959
555	69	66	65	0.563003	0.547619	0.558959
556	74	67	67	0.563003	0.559524	0.558959
557	75	74	73	0.563003	0.547619	0.558959
558	68	74	74	0.563003	0.559524	0.558959
559	70	74	66	0.563003	0.559524	0.558959
560	74	65	66	0.563003	0.547619	0.558959
561	68	66	73	0.563003	0.559524	0.558959
562	68	74	74	0.563003	0.559524	0.558959
563	74	72	66	0.589812	0.547619	0.558959
564	73	73	68	0.563003	0.559524	0.558959
565	69	67	74	0.589812	0.547619	0.558959
566	74	67	73	0.563003	0.559524	0.558959
567	73	73	71	0.589812	0.547619	0.558959
568	68	73	67	0.563003	0.559524	0.558959
569	74	74	69	0.589812	0.547619	0.558959
570	75	67	74	0.563003	0.559524	0.558959
571	69	65	74	0.563003	0.559524	0.558959
572	75	72	66	0.563003	0.547619	0.558959
573	75	73	67	0.563003	0.559524	0.558959
574	69	74	75	0.563003	0.547619	0.558959
575	75	68	74	0.536193	0.559524	0.558959
576	74	64	65	0.563003	0.559524	0.558959
577	69	64	66	0.563003	0.559524	0.558959
578	76	74	75	0.563003	0.547619	0.566616
579	74	75	75	0.589812	0.559524	0.551302
580	68	65	73	0.563003	0.559524	0.551302
581	74	65	66	0.563003	0.547619	0.558959
582	74	66	74	0.563003	0.559524	0.558959
583	69	74	74	0.563003	0.559524	0.558959
584	70	74	74	0.563003	0.547619	0.558959
585	75	73	67	0.589812	0.559524	0.558959
586	68	66	67	0.563003	0.559524	0.558959
587	68	67	73	0.563003	0.547619	0.558959
588	74	74	73	0.563003	0.547619	0.558959
589	73	74	67	0.563003	0.559524	0.558959
590	69	73	68	0.563003	0.547619	0.558959
591	74	67	74	0.563003	0.559524	0.558959
592	73	66	75	0.563003	0.559524	0.558959
593	69	73	72	0.589812	0.547619	0.558959
594	74	74	67	0.589812	0.559524	0.558959
595	74	74	75	0.563003	0.559524	0.558959
596	68	66	75	0.563003	0.547619	0.558959
597	75	66	74	0.563003	0.559524	0.558959
598	74	74	67	0.589812	0.559524	0.558959
599	68	75	67	0.563003	0.547619	0.558959
600	76	75	74	0.563003	0.559524	0.558959
