Time	Hot_Core	Hot_Temp	FL_Set	T_Set	T_Preserve
10	3	67	1	80	15
20	2	58	0	80	15
30	2	60	0	80	15
40	3	65	1	80	15
50	1	62	0	80	15
60	1	67	1	80	15
70	3	63	0	80	15
80	1	57	0	80	15
90	3	58	0	80	15
100	3	68	1	80	15
110	1	65	1	80	15
120	1	65	1	80	15
130	3	63	0	80	15
140	2	70	1	80	15
150	2	63	0	80	15
160	2	69	1	80	15
170	2	66	1	80	15
180	1	66	1	80	15
190	1	66	1	80	15
200	3	65	1	80	15
210	3	66	1	80	15
220	1	60	0	80	15
230	1	66	1	80	15
240	1	67	1	80	15
250	1	68	1	80	15
260	3	68	1	80	15
270	3	68	1	80	15
280	1	70	1	80	15
290	1	69	1	80	15
300	1	69	1	80	15
310	2	67	1	80	15
320	1	68	1	80	15
330	2	68	1	80	15
340	2	68	1	80	15
350	1	69	1	80	15
360	1	70	1	80	15
370	1	70	1	80	15
380	3	67	1	80	15
390	1	64	1	80	15
400	1	69	1	80	15
410	1	70	1	80	15
420	1	70	1	80	15
430	3	70	1	80	15
440	3	70	1	80	15
450	2	69	1	80	15
460	1	72	2	80	15
470	1	70	1	80	15
480	1	71	1	80	15
490	2	71	1	80	15
500	2	71	1	80	15
510	3	72	2	80	15
520	1	71	1	80	15
530	1	73	2	80	15
540	1	72	2	80	15
550	1	71	1	80	15
560	1	66	1	80	15
570	3	71	1	80	15
580	1	71	1	80	15
590	1	72	2	80	15
600	1	71	1	80	15
610	2	72	2	80	15
620	2	72	2	80	15
630	1	73	2	80	15
640	1	72	2	80	15
650	1	72	2	80	15
660	2	72	2	80	15
670	1	73	2	80	15
680	1	74	3	80	15
690	2	72	2	80	15
700	1	72	2	80	15
710	3	72	2	80	15
720	1	68	1	80	15
730	3	74	3	80	15
740	1	73	2	80	15
750	1	74	3	80	15
760	3	72	2	80	15
770	1	74	3	80	15
780	1	74	3	80	15
790	1	73	2	80	15
800	3	73	2	80	15
810	2	73	2	80	15
820	1	75	4	80	15
830	1	74	3	80	15
840	1	74	3	80	15
850	1	74	3	80	15
860	1	74	3	80	15
870	1	74	3	80	15
880	1	73	2	80	15
890	2	74	3	80	15
900	1	75	4	80	15
910	1	74	3	80	15
920	2	73	2	80	15
930	2	74	3	80	15
940	1	75	4	80	15
950	1	74	3	80	15
960	1	75	4	80	15
970	1	74	3	80	15
980	1	75	4	80	15
990	1	75	4	80	15
1000	2	74	3	80	15
1010	1	74	3	80	15
1020	2	74	3	80	15
1030	1	75	4	80	15
1040	1	74	3	80	15
1050	2	73	2	80	15
1060	3	74	3	80	15
1070	1	75	4	80	15
1080	1	75	4	80	15
1090	1	75	4	80	15
1100	1	75	4	80	15
1110	1	76	4	80	15
1120	1	76	4	80	15
1130	2	74	3	80	15
1140	1	75	4	80	15
1150	1	76	4	80	15
1160	1	76	4	80	15
1170	1	76	4	80	15
1180	1	76	4	80	15
1190	1	75	4	80	15
1200	1	76	4	80	15
1210	1	76	4	80	15
1220	1	75	4	80	15
1230	1	75	4	80	15
1240	1	76	4	80	15
1250	1	76	4	80	15
1260	1	75	4	80	15
1270	1	76	4	80	15
1280	1	76	4	80	15
1290	1	77	4	80	15
1300	1	76	4	80	15
1310	1	75	4	80	15
1320	1	76	4	80	15
1330	1	75	4	80	15
1340	2	75	4	80	15
1350	1	76	4	80	15
1360	1	76	4	80	15
1370	1	76	4	80	15
1380	1	75	4	80	15
1390	1	77	4	80	15
1400	1	76	4	80	15
1410	1	77	4	80	15
1420	1	76	4	80	15
1430	1	76	4	80	15
1440	1	75	4	80	15
1450	1	77	4	80	15
1460	1	77	4	80	15
1470	1	76	4	80	15
1480	1	77	4	80	15
1490	1	77	4	80	15
1500	1	77	4	80	15
1510	1	77	4	80	15
1520	1	77	4	80	15
1530	1	78	4	80	15
1540	1	77	4	80	15
1550	1	76	4	80	15
1560	1	77	4	80	15
1570	1	77	4	80	15
1580	1	76	4	80	15
1590	1	78	4	80	15
1600	1	78	4	80	15
1610	1	78	4	80	15
1620	1	78	4	80	15
1630	1	77	4	80	15
1640	1	77	4	80	15
1650	1	77	4	80	15
1660	1	78	4	80	15
1670	1	79	4	80	15
1680	1	78	4	80	15
1690	1	78	4	80	15
1700	1	78	4	80	15
1710	1	78	4	80	15
1720	1	78	4	80	15
1730	1	78	4	80	15
1740	1	77	4	80	15
1750	1	78	4	80	15
1760	1	77	4	80	15
1770	1	78	4	80	15
1780	1	78	4	80	15
1790	1	78	4	80	15
1800	1	78	4	80	15
1810	1	78	4	80	15
1820	1	78	4	80	15
1830	1	79	4	80	15
1840	1	78	4	80	15
1850	1	78	4	80	15
1860	2	78	4	80	15
1870	1	78	4	80	15
1880	1	78	4	80	15
1890	1	78	4	80	15
1900	1	79	4	80	15
1910	1	77	4	80	15
1920	2	78	4	80	15
1930	1	78	4	80	15
1940	1	78	4	80	15
1950	2	78	4	80	15
1960	2	78	4	80	15
1970	1	79	4	80	15
1980	1	78	4	80	15
1990	1	78	4	80	15
2000	1	78	4	80	15
2010	1	78	4	80	15
2020	1	79	4	80	15
2030	1	78	4	80	15
2040	1	78	4	80	15
2050	1	79	4	80	15
2060	1	78	4	80	15
2070	1	79	4	80	15
2080	1	79	4	80	15
2090	1	78	4	80	15
2100	1	78	4	80	15
2110	2	78	4	80	15
2120	1	78	4	80	15
2130	1	78	4	80	15
2140	1	78	4	80	15
2150	1	78	4	80	15
2160	1	78	4	80	15
2170	1	78	4	80	15
2180	1	79	4	80	15
2190	1	79	4	80	15
2200	1	79	4	80	15
2210	1	78	4	80	15
2220	1	78	4	80	15
2230	1	79	4	80	15
2240	1	80	4	80	15
2250	1	82	4	80	15
2260	1	79	4	80	15
2270	1	79	4	80	15
2280	1	79	4	80	15
2290	1	79	4	80	15
2300	1	79	4	80	15
2310	1	78	4	80	15
2320	1	78	4	80	15
2330	1	79	4	80	15
2340	1	79	4	80	15
2350	1	79	4	80	15
2360	1	78	4	80	15
2370	1	79	4	80	15
2380	1	79	4	80	15
2390	1	79	4	80	15
2400	1	80	4	80	15
2410	1	79	4	80	15
2420	1	79	4	80	15
2430	1	79	4	80	15
2440	1	78	4	80	15
2450	1	78	4	80	15
2460	1	80	4	80	15
2470	1	80	4	80	15
2480	1	79	4	80	15
2490	1	78	4	80	15
2500	1	78	4	80	15
2510	1	79	4	80	15
2520	1	79	4	80	15
2530	1	76	4	80	15
2540	1	79	4	80	15
2550	1	78	4	80	15
2560	1	78	4	80	15
2570	2	79	4	80	15
2580	1	78	4	80	15
2590	1	79	4	80	15
2600	1	79	4	80	15
2610	1	79	4	80	15
2620	1	79	4	80	15
2630	2	79	4	80	15
2640	1	79	4	80	15
2650	1	78	4	80	15
2660	1	78	4	80	15
2670	1	79	4	80	15
2680	1	78	4	80	15
2690	1	79	4	80	15
2700	1	79	4	80	15
2710	1	78	4	80	15
2720	1	79	4	80	15
2730	1	79	4	80	15
2740	1	80	4	80	15
2750	1	80	4	80	15
2760	1	78	4	80	15
2770	1	80	4	80	15
2780	1	78	4	80	15
2790	1	79	4	80	15
2800	1	78	4	80	15
2810	1	79	4	80	15
2820	1	79	4	80	15
2830	1	80	4	80	15
2840	1	79	4	80	15
2850	1	78	4	80	15
2860	1	79	4	80	15
2870	1	80	4	80	15
2880	1	80	4	80	15
2890	1	79	4	80	15
2900	2	79	4	80	15
2910	1	79	4	80	15
2920	1	79	4	80	15
2930	1	79	4	80	15
2940	1	79	4	80	15
2950	1	79	4	80	15
2960	1	79	4	80	15
2970	1	79	4	80	15
2980	1	78	4	80	15
2990	1	78	4	80	15
3000	1	79	4	80	15
