Time	Hot_Core	Hot_Temp	FL1	FL2	FL3	FL4	FL5	FL6	T_Set	T_Preserve
10	1	65	0	0	0	0	0	0	80	10
20	1	66	0	0	0	0	0	0	80	10
30	3	65	0	0	0	0	0	0	80	10
40	3	65	0	0	0	0	0	0	80	10
50	1	68	0	0	0	0	0	0	80	10
60	2	67	0	0	0	0	0	0	80	10
70	1	69	1	1	1	1	1	1	80	10
80	1	64	1	1	1	1	1	1	80	10
90	1	64	1	1	1	1	1	1	80	10
100	1	66	1	1	1	1	1	1	80	10
110	1	65	1	1	1	1	1	1	80	10
120	1	65	1	1	1	1	1	1	80	10
130	1	66	1	1	1	1	1	1	80	10
140	1	65	1	1	1	1	1	1	80	10
150	1	67	1	1	1	1	1	1	80	10
160	1	67	1	1	1	1	1	1	80	10
170	3	62	0	0	0	1	1	1	80	10
180	1	71	1	1	1	1	1	1	80	10
190	1	66	1	1	1	1	1	1	80	10
200	1	67	1	1	1	1	1	1	80	10
210	1	67	1	1	1	1	1	1	80	10
220	1	68	1	1	1	1	1	1	80	10
230	1	67	1	1	1	1	1	1	80	10
240	1	69	1	1	1	1	1	1	80	10
250	1	68	1	1	1	1	1	1	80	10
260	1	69	1	1	1	1	1	1	80	10
270	1	69	1	1	1	1	1	1	80	10
280	1	70	1	1	1	1	1	1	80	10
290	1	70	1	1	1	1	1	1	80	10
300	1	69	1	1	1	1	1	1	80	10
310	1	69	1	1	1	1	1	1	80	10
320	1	70	1	1	1	1	1	1	80	10
330	1	71	1	1	1	1	1	1	80	10
340	1	72	1	1	1	1	1	1	80	10
350	1	71	1	1	1	1	1	1	80	10
360	1	71	1	1	1	1	1	1	80	10
370	1	70	1	1	1	1	1	1	80	10
380	1	70	1	1	1	1	1	1	80	10
390	1	70	1	1	1	1	1	1	80	10
400	1	71	1	1	1	1	1	1	80	10
410	1	70	1	1	1	1	1	1	80	10
420	1	72	1	1	1	1	1	1	80	10
430	1	72	1	1	1	1	1	1	80	10
440	1	73	1	1	1	1	1	1	80	10
450	1	71	1	1	1	1	1	1	80	10
460	1	73	1	1	1	1	1	1	80	10
470	1	72	1	1	1	1	1	1	80	10
480	1	73	1	1	1	1	1	1	80	10
490	1	72	1	1	1	1	1	1	80	10
500	1	67	1	1	1	1	1	1	80	10
510	1	67	1	1	1	1	1	1	80	10
520	1	67	1	1	1	1	1	1	80	10
530	1	67	1	1	1	1	1	1	80	10
540	2	72	1	1	1	1	1	1	80	10
550	2	71	1	1	1	1	1	1	80	10
560	2	72	1	1	1	1	1	1	80	10
570	2	72	1	1	1	1	1	1	80	10
580	2	71	1	1	1	1	1	1	80	10
590	3	70	1	1	1	1	1	1	80	10
600	3	70	1	1	1	1	1	1	80	10
610	3	71	1	1	1	1	1	1	80	10
620	3	71	1	1	1	1	1	1	80	10
630	3	70	1	1	1	1	1	1	80	10
640	3	72	1	1	1	1	1	1	80	10
650	3	72	1	1	1	1	1	1	80	10
660	3	72	1	1	1	1	1	1	80	10
670	3	72	1	1	1	1	1	1	80	10
680	3	72	1	1	1	1	1	1	80	10
690	3	73	1	1	1	1	1	1	80	10
700	3	73	1	1	1	1	1	1	80	10
710	3	72	1	1	1	1	1	1	80	10
720	1	69	1	1	1	1	1	1	80	10
730	1	70	1	1	1	1	1	1	80	10
740	3	71	1	1	1	1	1	1	80	10
750	1	69	1	1	1	1	1	1	80	10
760	1	75	1	1	1	1	1	1	80	10
770	2	72	1	1	1	1	1	1	80	10
780	3	75	1	1	1	1	1	1	80	10
790	3	75	1	1	1	1	1	1	80	10
800	3	75	1	1	1	1	1	1	80	10
810	3	74	1	1	1	1	1	1	80	10
820	1	76	1	1	1	1	1	1	80	10
830	2	72	1	1	1	1	1	1	80	10
840	1	74	1	1	1	1	1	1	80	10
850	1	77	1	1	1	1	1	1	80	10
860	1	77	1	1	1	1	1	1	80	10
870	1	75	1	1	1	1	1	1	80	10
880	1	76	1	1	1	1	1	1	80	10
890	1	77	1	1	1	1	1	1	80	10
900	1	72	1	1	1	1	1	1	80	10
910	1	70	1	1	1	1	1	1	80	10
920	1	78	1	1	1	1	1	1	80	10
930	3	76	1	1	1	1	1	1	80	10
940	3	76	1	1	1	1	1	1	80	10
950	3	74	1	1	1	1	1	1	80	10
960	3	76	1	1	1	1	1	1	80	10
970	2	78	1	1	1	1	1	1	80	10
980	1	76	1	1	1	1	1	1	80	10
990	1	78	1	1	1	1	1	1	80	10
1000	1	78	1	1	1	1	1	1	80	10
1010	1	78	1	1	1	1	1	1	80	10
1020	3	77	1	1	1	1	1	1	80	10
1030	2	75	1	1	1	1	1	1	80	10
1040	3	77	1	1	1	1	1	1	80	10
1050	2	78	1	1	1	1	1	1	80	10
1060	2	78	1	1	1	1	1	1	80	10
1070	2	78	1	1	1	1	1	1	80	10
1080	2	78	1	1	1	1	1	1	80	10
1090	1	78	1	1	1	1	1	1	80	10
1100	1	79	1	1	1	1	1	1	80	10
1110	1	79	1	1	1	1	1	1	80	10
1120	3	77	1	1	1	1	1	1	80	10
1130	3	76	1	1	1	1	1	1	80	10
1140	1	73	1	1	1	1	1	1	80	10
1150	3	77	1	1	1	1	1	1	80	10
1160	1	80	1	1	1	1	1	1	80	10
1170	1	79	1	1	1	1	1	1	80	10
1180	1	81	1	1	1	1	1	1	80	10
1190	1	79	1	1	1	1	1	1	80	10
1200	1	80	1	1	1	1	1	1	80	10
1210	1	79	1	1	1	1	1	1	80	10
1220	1	79	1	1	1	1	1	1	80	10
1230	1	79	1	1	1	1	1	1	80	10
1240	1	79	1	1	1	1	1	1	80	10
1250	1	81	1	1	1	1	1	1	80	10
1260	1	80	1	1	1	1	1	1	80	10
1270	1	81	1	1	1	1	1	1	80	10
1280	1	80	1	1	1	1	1	1	80	10
1290	1	81	1	1	1	1	1	1	80	10
1300	1	80	1	1	1	1	1	1	80	10
1310	1	80	1	1	1	1	1	1	80	10
1320	1	80	1	1	1	1	1	1	80	10
1330	1	80	1	1	1	1	1	1	80	10
1340	1	81	1	1	1	1	1	1	80	10
1350	1	80	1	1	1	1	1	1	80	10
1360	3	76	1	1	1	1	1	1	80	10
1370	1	75	1	1	1	1	1	1	80	10
1380	1	75	1	1	1	1	1	1	80	10
1390	3	79	1	1	1	1	1	1	80	10
1400	2	78	1	1	1	1	1	1	80	10
1410	1	74	1	1	1	1	1	1	80	10
1420	1	75	1	1	1	1	1	1	80	10
1430	2	79	1	1	1	1	1	1	80	10
1440	3	78	1	1	1	1	1	1	80	10
1450	3	78	1	1	1	1	1	1	80	10
1460	1	80	1	1	1	1	1	1	80	10
1470	2	82	1	1	1	1	1	1	80	10
1480	2	79	1	1	1	1	1	1	80	10
1490	2	81	1	1	1	1	1	1	80	10
1500	2	81	1	1	1	1	1	1	80	10
1510	3	79	1	1	1	1	1	1	80	10
1520	1	80	1	1	1	1	1	1	80	10
1530	1	80	1	1	1	1	1	1	80	10
1540	1	81	1	1	1	1	1	1	80	10
1550	1	81	1	1	1	1	1	1	80	10
1560	1	82	1	1	1	1	1	1	80	10
1570	1	81	1	1	1	1	1	1	80	10
1580	1	82	1	1	1	1	1	1	80	10
1590	1	81	1	1	1	1	1	1	80	10
1600	1	75	1	1	1	1	1	1	80	10
1610	1	75	1	1	1	1	1	1	80	10
1620	3	79	1	1	1	1	1	1	80	10
1630	1	76	1	1	1	1	1	1	80	10
1640	1	76	1	1	1	1	1	1	80	10
1650	1	76	1	1	1	1	1	1	80	10
1660	3	80	1	1	1	1	1	1	80	10
1670	3	81	1	1	1	1	1	1	80	10
1680	3	81	1	1	1	1	1	1	80	10
1690	2	81	1	1	1	1	1	1	80	10
1700	2	82	1	1	1	1	1	1	80	10
1710	1	81	1	1	1	1	1	1	80	10
1720	1	82	1	1	1	1	1	1	80	10
1730	1	83	1	1	1	1	1	1	80	10
1740	1	83	1	1	1	1	1	1	80	10
1750	1	83	1	1	1	1	1	1	80	10
1760	1	83	1	1	1	1	1	1	80	10
1770	1	82	1	1	1	1	1	1	80	10
1780	1	83	1	1	1	1	1	1	80	10
1790	1	82	1	1	1	1	1	1	80	10
1800	1	83	1	1	1	1	1	1	80	10
1810	1	83	1	1	1	1	1	1	80	10
1820	1	84	1	1	1	1	1	1	80	10
1830	1	83	1	1	1	1	1	1	80	10
1840	1	82	1	1	1	1	1	1	80	10
1850	1	83	1	1	1	1	1	1	80	10
1860	1	82	1	1	1	1	1	1	80	10
1870	1	83	1	1	1	1	1	1	80	10
1880	1	83	1	1	1	1	1	1	80	10
1890	1	84	1	1	1	1	1	1	80	10
1900	1	84	1	1	1	1	1	1	80	10
1910	2	83	1	1	1	1	1	1	80	10
1920	2	84	1	1	1	1	1	1	80	10
1930	1	83	1	1	1	1	1	1	80	10
1940	1	80	1	1	1	1	1	1	80	10
1950	1	83	1	1	1	1	1	1	80	10
1960	1	85	1	1	1	1	1	1	80	10
1970	1	84	1	1	1	1	1	1	80	10
1980	1	84	1	1	1	1	1	1	80	10
1990	2	82	1	1	1	1	1	1	80	10
2000	2	81	1	1	1	1	1	1	80	10
2010	1	77	1	1	1	1	1	1	80	10
2020	1	78	1	1	1	1	1	1	80	10
2030	3	81	1	1	1	1	1	1	80	10
2040	3	81	1	1	1	1	1	1	80	10
2050	3	82	1	1	1	1	1	1	80	10
2060	3	82	1	1	1	1	1	1	80	10
2070	2	80	1	1	1	1	1	1	80	10
2080	2	80	1	1	1	1	1	1	80	10
2090	2	81	1	1	1	1	1	1	80	10
2100	2	82	1	1	1	1	1	1	80	10
2110	2	83	1	1	1	1	1	1	80	10
2120	2	81	1	1	1	1	1	1	80	10
2130	1	79	1	1	1	1	1	1	80	10
2140	1	82	1	1	1	1	1	1	80	10
2150	1	78	1	1	1	1	1	1	80	10
2160	1	85	1	1	1	1	1	1	80	10
2170	1	84	1	1	1	1	1	1	80	10
2180	1	85	1	1	1	1	1	1	80	10
2190	1	85	1	1	1	1	1	1	80	10
2200	2	84	1	1	1	1	1	1	80	10
2210	1	85	1	1	1	1	1	1	80	10
2220	1	85	1	1	1	1	1	1	80	10
2230	1	84	1	1	1	1	1	1	80	10
2240	2	82	1	1	1	1	1	1	80	10
2250	1	84	1	1	1	1	1	1	80	10
2260	3	81	1	1	1	1	1	1	80	10
2270	3	82	1	1	1	1	1	1	80	10
2280	3	81	1	1	1	1	1	1	80	10
2290	1	85	1	1	1	1	1	1	80	10
2300	1	85	1	1	1	1	1	1	80	10
2310	1	85	1	1	1	1	1	1	80	10
2320	1	84	1	1	1	1	1	1	80	10
2330	1	85	1	1	1	1	1	1	80	10
2340	1	85	1	1	1	1	1	1	80	10
2350	1	85	1	1	1	1	1	1	80	10
2360	1	85	1	1	1	1	1	1	80	10
2370	1	85	1	1	1	1	1	1	80	10
2380	1	85	1	1	1	1	1	1	80	10
2390	1	84	1	1	1	1	1	1	80	10
2400	1	85	1	1	1	1	1	1	80	10
2410	1	85	1	1	1	1	1	1	80	10
2420	1	86	1	1	1	1	1	1	80	10
2430	1	85	1	1	1	1	1	1	80	10
2440	2	84	1	1	1	1	1	1	80	10
2450	1	85	1	1	1	1	1	1	80	10
2460	1	80	1	1	1	1	1	1	80	10
2470	1	82	1	1	1	1	1	1	80	10
2480	1	85	1	1	1	1	1	1	80	10
2490	1	84	1	1	1	1	1	1	80	10
2500	1	84	1	1	1	1	1	1	80	10
2510	1	85	1	1	1	1	1	1	80	10
2520	1	85	1	1	1	1	1	1	80	10
2530	1	85	1	1	1	1	1	1	80	10
2540	1	85	1	1	1	1	1	1	80	10
2550	1	85	1	1	1	1	1	1	80	10
2560	1	85	1	1	1	1	1	1	80	10
2570	1	85	1	1	1	1	1	1	80	10
2580	1	85	1	1	1	1	1	1	80	10
2590	1	85	1	1	1	1	1	1	80	10
2600	1	85	1	1	1	1	1	1	80	10
2610	1	84	1	1	1	1	1	1	80	10
2620	1	85	1	1	1	1	1	1	80	10
2630	1	85	1	1	1	1	1	1	80	10
2640	1	85	1	1	1	1	1	1	80	10
2650	1	85	1	1	1	1	1	1	80	10
2660	1	85	1	1	1	1	1	1	80	10
2670	1	86	1	1	1	1	1	1	80	10
2680	1	85	1	1	1	1	1	1	80	10
2690	1	86	1	1	1	1	1	1	80	10
2700	1	86	1	1	1	1	1	1	80	10
2710	1	85	1	1	1	1	1	1	80	10
2720	2	85	1	1	1	1	1	1	80	10
2730	1	84	1	1	1	1	1	1	80	10
2740	3	84	1	1	1	1	1	1	80	10
2750	2	83	1	1	1	1	1	1	80	10
2760	2	82	1	1	1	1	1	1	80	10
2770	1	85	1	1	1	1	1	1	80	10
2780	3	81	1	1	1	1	1	1	80	10
2790	3	82	1	1	1	1	1	1	80	10
2800	3	84	1	1	1	1	1	1	80	10
2810	1	80	1	1	1	1	1	1	80	10
2820	2	83	1	1	1	1	1	1	80	10
2830	2	83	1	1	1	1	1	1	80	10
2840	2	85	1	1	1	1	1	1	80	10
2850	2	84	1	1	1	1	1	1	80	10
2860	1	81	1	1	1	1	1	1	80	10
2870	1	80	1	1	1	1	1	1	80	10
2880	1	84	1	1	1	1	1	1	80	10
2890	2	81	1	1	1	1	1	1	80	10
2900	2	84	1	1	1	1	1	1	80	10
2910	2	86	1	1	1	1	1	1	80	10
2920	2	84	1	1	1	1	1	1	80	10
2930	2	86	1	1	1	1	1	1	80	10
2940	2	85	1	1	1	1	1	1	80	10
2950	1	85	1	1	1	1	1	1	80	10
2960	1	85	1	1	1	1	1	1	80	10
2970	1	85	1	1	1	1	1	1	80	10
2980	1	85	1	1	1	1	1	1	80	10
2990	1	84	1	1	1	1	1	1	80	10
3000	1	79	1	1	1	1	1	1	80	10
