Time	Core1_T	Core2_T	Core3_T	Core1_U	Core2_U	Core3_U
1	64	62	52	0.455764	0.428571	0.444104
2	55	64	65	0.455764	0.428571	0.444104
3	56	65	66	0.455764	0.440476	0.444104
4	66	52	52	0.428954	0.428571	0.451761
5	62	51	50	0.428954	0.428571	0.444104
6	55	57	52	0.455764	0.440476	0.451761
7	66	65	65	0.455764	0.428571	0.451761
8	65	65	64	0.428954	0.440476	0.451761
9	55	50	52	0.428954	0.428571	0.444104
10	57	52	52	0.428954	0.428571	0.451761
11	65	53	63	0.455764	0.428571	0.451761
12	57	65	65	0.428954	0.440476	0.444104
13	57	65	54	0.455764	0.428571	0.451761
14	66	52	53	0.455764	0.440476	0.444104
15	55	53	64	0.428954	0.428571	0.451761
16	54	53	64	0.428954	0.428571	0.451761
17	67	64	54	0.455764	0.440476	0.444104
18	56	64	54	0.428954	0.428571	0.444104
19	56	52	54	0.455764	0.440476	0.451761
20	67	54	65	0.455764	0.428571	0.451761
21	55	51	63	0.428954	0.428571	0.444104
22	56	64	54	0.455764	0.440476	0.451761
23	68	67	57	0.428954	0.428571	0.444104
24	66	54	66	0.455764	0.428571	0.444104
25	56	52	65	0.455764	0.428571	0.451761
26	56	52	65	0.455764	0.440476	0.444104
27	66	52	54	0.428954	0.428571	0.451761
28	66	65	55	0.455764	0.428571	0.451761
29	57	66	68	0.455764	0.428571	0.444104
30	60	54	65	0.428954	0.428571	0.444104
31	66	52	54	0.455764	0.440476	0.451761
32	54	50	53	0.428954	0.428571	0.444104
33	58	65	56	0.455764	0.428571	0.444104
34	67	67	67	0.428954	0.440476	0.451761
35	57	52	65	0.455764	0.428571	0.444104
36	58	51	54	0.428954	0.440476	0.451761
37	68	53	55	0.428954	0.428571	0.451761
38	56	67	66	0.428954	0.428571	0.444104
39	58	67	68	0.455764	0.428571	0.451761
40	68	56	55	0.455764	0.428571	0.444104
41	58	51	54	0.455764	0.440476	0.444104
42	57	54	66	0.428954	0.428571	0.451761
43	67	65	66	0.428954	0.428571	0.451761
44	58	64	57	0.428954	0.440476	0.444104
45	58	66	57	0.455764	0.440476	0.444104
46	69	54	57	0.455764	0.428571	0.451761
47	67	54	66	0.455764	0.428571	0.444104
48	56	61	64	0.428954	0.428571	0.451761
49	69	67	56	0.455764	0.440476	0.444104
50	68	68	58	0.428954	0.428571	0.444104
51	58	54	67	0.455764	0.428571	0.451761
52	59	54	66	0.455764	0.428571	0.444104
53	68	51	53	0.428954	0.428571	0.451761
54	58	66	57	0.428954	0.428571	0.451761
55	61	68	68	0.455764	0.440476	0.444104
56	68	56	65	0.428954	0.428571	0.444104
57	57	53	54	0.455764	0.440476	0.444104
58	58	53	55	0.428954	0.428571	0.444104
59	69	68	59	0.428954	0.428571	0.451761
60	59	68	69	0.455764	0.440476	0.444104
61	57	54	63	0.455764	0.428571	0.451761
62	68	53	54	0.428954	0.440476	0.451761
63	57	53	56	0.428954	0.428571	0.444104
64	59	68	69	0.455764	0.428571	0.451761
65	68	69	67	0.428954	0.440476	0.451761
66	66	54	54	0.428954	0.428571	0.444104
67	58	54	56	0.455764	0.428571	0.444104
68	68	56	67	0.428954	0.428571	0.451761
69	68	68	68	0.428954	0.440476	0.444104
70	59	67	58	0.428954	0.428571	0.451761
71	64	57	57	0.455764	0.440476	0.451761
72	69	57	57	0.428954	0.440476	0.444104
73	58	55	67	0.428954	0.428571	0.451761
74	59	67	64	0.428954	0.428571	0.444104
75	69	69	58	0.428954	0.440476	0.444104
76	58	56	58	0.455764	0.428571	0.451761
77	58	56	68	0.455764	0.428571	0.444104
78	68	56	66	0.455764	0.428571	0.451761
79	58	66	57	0.428954	0.428571	0.451761
80	60	68	59	0.428954	0.428571	0.444104
81	69	63	69	0.455764	0.440476	0.451761
82	58	55	68	0.428954	0.428571	0.444104
83	58	53	56	0.428954	0.428571	0.451761
84	68	67	58	0.428954	0.428571	0.451761
85	65	68	60	0.455764	0.440476	0.444104
86	59	69	70	0.455764	0.428571	0.444104
87	69	55	57	0.455764	0.428571	0.451761
88	66	55	56	0.428954	0.428571	0.451761
89	58	62	57	0.455764	0.428571	0.444104
90	70	71	69	0.455764	0.440476	0.451761
91	69	69	69	0.428954	0.428571	0.444104
92	59	57	56	0.455764	0.428571	0.444104
93	60	56	57	0.428954	0.428571	0.444104
94	69	57	68	0.428954	0.428571	0.451761
95	60	69	69	0.428954	0.440476	0.444104
96	62	68	60	0.455764	0.428571	0.444104
97	70	57	58	0.428954	0.428571	0.451761
98	60	56	62	0.455764	0.428571	0.444104
99	60	56	68	0.455764	0.428571	0.451761
100	69	69	59	0.428954	0.440476	0.444104
101	61	69	60	0.428954	0.428571	0.444104
102	61	56	58	0.428954	0.428571	0.451761
103	70	58	69	0.428954	0.428571	0.444104
104	59	56	67	0.428954	0.428571	0.451761
105	60	68	59	0.455764	0.428571	0.451761
106	72	69	61	0.455764	0.440476	0.444104
107	68	57	70	0.428954	0.428571	0.451761
108	61	56	69	0.428954	0.428571	0.444104
109	71	56	57	0.455764	0.440476	0.444104
110	68	68	60	0.428954	0.428571	0.451761
111	62	71	71	0.428954	0.440476	0.451761
112	72	60	69	0.455764	0.428571	0.444104
113	69	56	57	0.455764	0.428571	0.444104
114	60	56	57	0.428954	0.428571	0.451761
115	64	70	61	0.455764	0.428571	0.444104
116	71	71	71	0.428954	0.440476	0.451761
117	61	57	70	0.428954	0.428571	0.444104
118	61	56	58	0.428954	0.428571	0.444104
119	70	57	58	0.455764	0.428571	0.451761
120	62	69	72	0.455764	0.440476	0.444104
121	62	71	72	0.428954	0.428571	0.451761
122	71	59	60	0.428954	0.428571	0.451761
123	60	56	58	0.428954	0.428571	0.444104
124	62	58	70	0.455764	0.440476	0.451761
125	71	71	69	0.428954	0.428571	0.444104
126	70	69	61	0.428954	0.440476	0.444104
127	63	60	61	0.455764	0.428571	0.451761
128	71	59	60	0.428954	0.428571	0.451761
129	69	58	70	0.428954	0.440476	0.444104
130	61	69	70	0.455764	0.428571	0.444104
131	63	71	61	0.455764	0.440476	0.451761
132	71	72	61	0.455764	0.428571	0.444104
133	62	59	69	0.428954	0.428571	0.451761
134	63	58	69	0.455764	0.428571	0.444104
135	70	57	58	0.455764	0.428571	0.444104
136	62	70	60	0.428954	0.428571	0.451761
137	63	73	72	0.455764	0.428571	0.451761
138	72	60	70	0.428954	0.428571	0.444104
139	60	56	58	0.455764	0.428571	0.444104
140	60	56	59	0.428954	0.428571	0.444104
141	71	72	61	0.428954	0.428571	0.451761
142	62	72	73	0.455764	0.440476	0.444104
143	62	59	70	0.455764	0.428571	0.444104
144	72	58	59	0.428954	0.428571	0.451761
145	69	57	59	0.428954	0.428571	0.444104
146	63	71	73	0.428954	0.428571	0.451761
147	72	72	71	0.428954	0.440476	0.451761
148	70	58	59	0.455764	0.428571	0.444104
149	62	57	60	0.428954	0.428571	0.451761
150	66	61	71	0.428954	0.440476	0.444104
151	71	71	70	0.455764	0.428571	0.451761
152	62	70	61	0.455764	0.440476	0.451761
153	64	60	60	0.455764	0.428571	0.451761
154	72	58	60	0.428954	0.428571	0.444104
155	63	59	71	0.455764	0.428571	0.451761
156	64	72	71	0.455764	0.428571	0.451761
157	72	72	61	0.428954	0.440476	0.444104
158	63	59	61	0.455764	0.428571	0.451761
159	62	60	72	0.455764	0.428571	0.444104
160	72	61	70	0.428954	0.428571	0.444104
161	62	70	60	0.428954	0.440476	0.451761
162	64	72	62	0.428954	0.428571	0.451761
163	73	64	73	0.455764	0.440476	0.444104
164	70	60	71	0.455764	0.428571	0.444104
165	62	57	59	0.455764	0.428571	0.451761
166	73	71	61	0.428954	0.440476	0.444104
167	73	73	63	0.455764	0.428571	0.444104
168	64	73	74	0.455764	0.428571	0.444104
169	65	60	71	0.455764	0.428571	0.444104
170	70	59	59	0.428954	0.440476	0.451761
171	63	68	61	0.428954	0.428571	0.444104
172	65	74	74	0.455764	0.440476	0.451761
173	73	74	73	0.428954	0.428571	0.451761
174	63	57	59	0.455764	0.428571	0.444104
175	63	58	61	0.455764	0.440476	0.451761
176	72	61	72	0.428954	0.428571	0.444104
177	64	73	73	0.455764	0.428571	0.444104
178	65	73	63	0.428954	0.428571	0.451761
179	73	61	61	0.428954	0.428571	0.451761
180	68	60	61	0.428954	0.440476	0.444104
181	63	60	72	0.455764	0.428571	0.444104
182	72	74	71	0.455764	0.428571	0.451761
183	71	73	62	0.455764	0.428571	0.444104
184	63	61	63	0.455764	0.428571	0.451761
185	74	62	72	0.428954	0.440476	0.444104
186	71	61	71	0.455764	0.428571	0.444104
187	64	71	62	0.455764	0.428571	0.451761
188	68	74	64	0.428954	0.428571	0.444104
189	74	63	73	0.455764	0.428571	0.451761
190	64	60	72	0.428954	0.428571	0.451761
191	64	58	60	0.428954	0.428571	0.444104
192	73	73	62	0.428954	0.428571	0.451761
193	65	73	63	0.428954	0.440476	0.444104
194	65	62	73	0.455764	0.428571	0.444104
195	73	61	71	0.455764	0.428571	0.451761
196	65	57	60	0.428954	0.440476	0.451761
197	65	72	63	0.428954	0.428571	0.444104
198	74	74	74	0.455764	0.428571	0.444104
199	64	61	73	0.428954	0.428571	0.451761
200	64	59	61	0.428954	0.428571	0.444104
201	74	60	61	0.455764	0.428571	0.451761
202	65	73	74	0.428954	0.428571	0.444104
203	65	74	75	0.455764	0.440476	0.444104
204	75	63	62	0.428954	0.428571	0.451761
205	73	61	61	0.428954	0.440476	0.444104
206	65	60	62	0.455764	0.428571	0.451761
207	75	73	73	0.428954	0.428571	0.451761
208	73	74	72	0.428954	0.428571	0.444104
209	65	63	63	0.428954	0.428571	0.451761
210	67	62	62	0.428954	0.428571	0.444104
211	73	63	73	0.455764	0.440476	0.444104
212	64	72	74	0.428954	0.428571	0.451761
213	64	72	74	0.455764	0.428571	0.444104
214	66	74	64	0.455764	0.440476	0.451761
215	75	76	65	0.455764	0.428571	0.451761
216	64	63	74	0.455764	0.428571	0.451761
217	65	62	73	0.455764	0.440476	0.444104
218	74	68	62	0.455764	0.428571	0.451761
219	66	73	63	0.428954	0.428571	0.444104
220	67	74	65	0.428954	0.428571	0.444104
221	75	64	74	0.428954	0.428571	0.444104
222	66	60	71	0.428954	0.440476	0.444104
223	65	59	61	0.455764	0.428571	0.444104
224	76	75	64	0.428954	0.428571	0.444104
225	74	75	76	0.455764	0.428571	0.451761
226	66	63	74	0.428954	0.428571	0.444104
227	74	61	62	0.455764	0.428571	0.451761
228	74	60	62	0.428954	0.440476	0.451761
229	66	75	77	0.455764	0.428571	0.444104
230	68	76	76	0.428954	0.428571	0.451761
231	75	62	63	0.428954	0.440476	0.444104
232	66	60	63	0.428954	0.428571	0.444104
233	66	61	64	0.455764	0.428571	0.451761
234	76	76	76	0.428954	0.440476	0.451761
235	66	74	74	0.455764	0.428571	0.444104
236	65	62	62	0.428954	0.440476	0.451761
237	75	63	64	0.428954	0.428571	0.451761
238	65	63	74	0.428954	0.428571	0.444104
239	66	75	76	0.428954	0.440476	0.451761
240	76	76	65	0.455764	0.428571	0.444104
241	66	61	64	0.455764	0.440476	0.444104
242	66	62	73	0.455764	0.428571	0.451761
243	75	64	74	0.428954	0.428571	0.444104
244	71	73	63	0.428954	0.440476	0.451761
245	67	74	64	0.428954	0.428571	0.451761
246	77	66	65	0.428954	0.440476	0.444104
247	74	64	75	0.428954	0.416667	0.451761
248	65	60	72	0.428954	0.440476	0.451761
249	77	74	64	0.455764	0.428571	0.451761
250	77	77	64	0.455764	0.428571	0.444104
251	66	66	76	0.455764	0.440476	0.451761
252	68	64	75	0.428954	0.428571	0.444104
253	75	62	62	0.455764	0.428571	0.451761
254	66	72	64	0.428954	0.428571	0.451761
255	68	77	77	0.455764	0.440476	0.444104
256	77	68	76	0.455764	0.428571	0.451761
257	67	60	63	0.455764	0.428571	0.444104
258	66	60	63	0.428954	0.428571	0.444104
259	76	73	65	0.428954	0.428571	0.451761
260	67	76	76	0.455764	0.440476	0.444104
261	67	76	74	0.455764	0.428571	0.451761
262	77	63	64	0.455764	0.440476	0.451761
263	71	62	64	0.428954	0.428571	0.444104
264	67	64	75	0.428954	0.428571	0.451761
265	77	77	76	0.428954	0.440476	0.444104
266	67	75	65	0.428954	0.428571	0.444104
267	66	63	64	0.455764	0.428571	0.451761
268	77	65	76	0.455764	0.428571	0.444104
269	73	64	74	0.428954	0.440476	0.451761
270	67	75	64	0.455764	0.428571	0.451761
271	78	78	67	0.428954	0.428571	0.451761
272	75	64	65	0.455764	0.440476	0.444104
273	66	63	75	0.428954	0.428571	0.451761
274	68	64	73	0.455764	0.440476	0.444104
275	77	76	64	0.428954	0.428571	0.444104
276	68	77	66	0.428954	0.440476	0.451761
277	69	67	77	0.428954	0.428571	0.444104
278	76	65	76	0.455764	0.440476	0.451761
279	65	62	63	0.428954	0.428571	0.451761
280	68	76	66	0.428954	0.428571	0.444104
281	78	79	77	0.455764	0.428571	0.451761
282	68	65	76	0.428954	0.428571	0.444104
283	66	63	64	0.455764	0.428571	0.444104
284	76	64	63	0.428954	0.428571	0.451761
285	69	76	67	0.455764	0.428571	0.444104
286	68	78	77	0.428954	0.440476	0.451761
287	77	67	73	0.428954	0.428571	0.444104
288	74	63	64	0.428954	0.428571	0.444104
289	67	63	65	0.428954	0.428571	0.451761
290	77	78	77	0.428954	0.428571	0.444104
291	77	78	76	0.428954	0.440476	0.451761
292	68	65	65	0.455764	0.428571	0.451761
293	70	65	65	0.428954	0.428571	0.451761
294	76	66	76	0.428954	0.428571	0.444104
295	67	76	77	0.455764	0.428571	0.451761
296	68	77	66	0.455764	0.428571	0.451761
297	78	72	67	0.428954	0.428571	0.444104
298	67	65	66	0.428954	0.440476	0.451761
299	67	66	76	0.455764	0.428571	0.444104
300	76	75	70	0.428954	0.440476	0.444104
301	68	76	66	0.428954	0.428571	0.451761
302	68	79	67	0.428954	0.428571	0.444104
303	78	66	77	0.455764	0.440476	0.451761
304	67	64	76	0.455764	0.428571	0.451761
305	66	64	64	0.428954	0.440476	0.451761
306	78	79	67	0.428954	0.428571	0.444104
307	76	78	79	0.455764	0.428571	0.451761
308	68	65	77	0.455764	0.440476	0.444104
309	77	65	65	0.455764	0.428571	0.444104
310	75	64	65	0.428954	0.428571	0.451761
311	68	79	69	0.428954	0.440476	0.444104
312	72	80	79	0.455764	0.428571	0.451761
313	77	66	72	0.455764	0.428571	0.451761
314	67	64	65	0.428954	0.440476	0.444104
315	68	65	66	0.455764	0.428571	0.451761
316	78	79	78	0.455764	0.440476	0.451761
317	68	79	78	0.428954	0.428571	0.451761
318	68	65	65	0.428954	0.428571	0.444104
319	78	65	65	0.428954	0.428571	0.451761
320	67	65	77	0.455764	0.428571	0.444104
321	68	78	79	0.455764	0.440476	0.451761
322	79	80	67	0.428954	0.428571	0.451761
323	72	65	65	0.428954	0.428571	0.444104
324	68	65	67	0.455764	0.440476	0.451761
325	79	68	77	0.428954	0.428571	0.444104
326	77	77	68	0.455764	0.440476	0.444104
327	69	79	67	0.428954	0.428571	0.451761
328	80	68	67	0.428954	0.428571	0.444104
329	78	68	77	0.455764	0.440476	0.444104
330	69	65	78	0.455764	0.428571	0.444104
331	70	78	68	0.455764	0.428571	0.451761
332	79	79	68	0.428954	0.428571	0.444104
333	70	69	79	0.428954	0.428571	0.451761
334	69	68	78	0.428954	0.440476	0.451761
335	78	66	65	0.428954	0.428571	0.444104
336	68	76	67	0.455764	0.440476	0.451761
337	69	81	72	0.428954	0.428571	0.451761
338	79	74	79	0.455764	0.428571	0.444104
339	67	64	66	0.428954	0.440476	0.444104
340	68	65	65	0.428954	0.428571	0.451761
341	79	77	67	0.428954	0.428571	0.444104
342	69	80	80	0.455764	0.440476	0.451761
343	69	80	79	0.428954	0.428571	0.451761
344	78	67	66	0.455764	0.428571	0.444104
345	75	65	66	0.428954	0.440476	0.451761
346	69	72	78	0.455764	0.428571	0.444104
347	80	80	79	0.455764	0.440476	0.444104
348	79	80	68	0.455764	0.428571	0.444104
349	68	65	66	0.428954	0.428571	0.444104
350	72	68	78	0.428954	0.428571	0.451761
351	78	68	78	0.455764	0.428571	0.451761
352	68	78	68	0.455764	0.428571	0.444104
353	70	79	69	0.428954	0.428571	0.451761
354	80	68	68	0.428954	0.440476	0.444104
355	69	67	79	0.455764	0.428571	0.451761
356	68	68	78	0.455764	0.428571	0.451761
357	79	79	69	0.428954	0.440476	0.451761
358	70	80	69	0.455764	0.428571	0.444104
359	70	68	79	0.455764	0.440476	0.451761
360	79	68	78	0.455764	0.428571	0.451761
361	68	64	66	0.563003	0.500000	0.444104
362	69	73	67	0.563003	0.547619	0.581930
363	75	74	74	0.563003	0.559524	0.574273
364	74	74	74	0.563003	0.547619	0.574273
365	68	65	65	0.563003	0.559524	0.581930
366	75	66	65	0.563003	0.559524	0.574273
367	75	73	73	0.589812	0.559524	0.574273
368	70	73	73	0.563003	0.547619	0.574273
369	76	75	73	0.589812	0.559524	0.581930
370	74	65	65	0.563003	0.559524	0.574273
371	68	65	67	0.428954	0.428571	0.451761
372	70	80	79	0.455764	0.428571	0.444104
373	80	81	78	0.455764	0.428571	0.444104
374	69	67	67	0.455764	0.428571	0.451761
375	70	66	67	0.428954	0.440476	0.444104
376	81	69	79	0.428954	0.428571	0.451761
377	69	79	79	0.455764	0.428571	0.451761
378	70	79	68	0.428954	0.440476	0.444104
379	81	71	68	0.428954	0.428571	0.451761
380	69	66	68	0.428954	0.440476	0.444104
381	70	68	79	0.455764	0.428571	0.444104
382	80	80	78	0.428954	0.428571	0.451761
383	77	79	68	0.428954	0.440476	0.444104
384	72	81	69	0.428954	0.428571	0.451761
385	82	70	79	0.428954	0.428571	0.451761
386	78	68	78	0.455764	0.428571	0.444104
387	69	76	67	0.428954	0.440476	0.444104
388	82	82	68	0.455764	0.428571	0.451761
389	80	83	80	0.455764	0.428571	0.451761
390	71	69	79	0.428954	0.440476	0.451761
391	76	66	66	0.563003	0.559524	0.444104
392	75	66	66	0.563003	0.547619	0.581930
393	70	76	75	0.563003	0.559524	0.581930
394	75	75	75	0.563003	0.559524	0.574273
395	76	68	74	0.563003	0.559524	0.574273
396	68	67	67	0.589812	0.559524	0.574273
397	74	67	69	0.563003	0.559524	0.581930
398	77	75	74	0.589812	0.559524	0.581930
399	70	75	74	0.563003	0.547619	0.574273
400	69	73	68	0.563003	0.559524	0.574273
401	69	73	68	0.455764	0.428571	0.451761
402	80	68	67	0.428954	0.428571	0.451761
403	70	68	79	0.428954	0.428571	0.444104
404	71	82	80	0.428954	0.440476	0.444104
405	82	81	69	0.428954	0.428571	0.444104
406	70	68	68	0.455764	0.428571	0.444104
407	70	68	69	0.428954	0.428571	0.444104
408	80	70	80	0.455764	0.428571	0.444104
409	78	79	77	0.428954	0.428571	0.451761
410	71	80	69	0.428954	0.428571	0.444104
411	82	70	69	0.563003	0.559524	0.444104
412	75	67	75	0.563003	0.559524	0.574273
413	69	66	75	0.563003	0.559524	0.574273
414	76	74	67	0.563003	0.547619	0.574273
415	74	75	67	0.563003	0.559524	0.574273
416	70	76	75	0.563003	0.547619	0.581930
417	76	67	75	0.563003	0.559524	0.574273
418	74	66	67	0.563003	0.559524	0.574273
419	69	74	68	0.563003	0.547619	0.574273
420	76	76	75	0.563003	0.559524	0.574273
421	80	81	79	0.428954	0.428571	0.528331
422	70	67	75	0.455764	0.440476	0.451761
423	70	66	68	0.428954	0.428571	0.444104
424	80	70	68	0.428954	0.428571	0.444104
425	71	83	81	0.428954	0.428571	0.451761
426	72	81	80	0.455764	0.428571	0.444104
427	80	69	68	0.428954	0.428571	0.451761
428	70	67	68	0.455764	0.440476	0.451761
429	71	69	80	0.428954	0.428571	0.444104
430	81	82	81	0.428954	0.428571	0.451761
431	71	80	70	0.563003	0.440476	0.451761
432	70	74	69	0.563003	0.547619	0.574273
433	77	68	75	0.589812	0.559524	0.581930
434	74	67	75	0.563003	0.559524	0.574273
435	70	75	72	0.563003	0.547619	0.574273
436	76	75	68	0.563003	0.559524	0.574273
437	76	76	75	0.563003	0.547619	0.574273
438	69	67	75	0.563003	0.559524	0.581930
439	77	68	75	0.563003	0.559524	0.574273
440	76	75	68	0.563003	0.547619	0.574273
441	70	77	69	0.455764	0.511905	0.574273
442	72	71	80	0.428954	0.428571	0.451761
443	81	70	80	0.428954	0.440476	0.444104
444	70	67	68	0.455764	0.428571	0.451761
445	71	81	70	0.455764	0.428571	0.451761
446	82	84	74	0.455764	0.440476	0.444104
447	71	71	81	0.428954	0.428571	0.451761
448	70	67	76	0.428954	0.440476	0.444104
449	81	69	67	0.455764	0.428571	0.444104
450	71	79	70	0.455764	0.428571	0.451761
451	72	83	81	0.589812	0.440476	0.444104
452	78	78	76	0.563003	0.547619	0.581930
453	74	66	68	0.563003	0.559524	0.581930
454	71	67	67	0.563003	0.559524	0.574273
455	77	75	75	0.563003	0.559524	0.581930
456	76	75	75	0.563003	0.547619	0.574273
457	71	76	68	0.563003	0.559524	0.574273
458	76	68	67	0.563003	0.559524	0.574273
459	76	68	75	0.563003	0.547619	0.574273
460	70	67	75	0.589812	0.559524	0.581930
461	72	82	70	0.428954	0.428571	0.444104
462	82	83	70	0.455764	0.428571	0.444104
463	71	68	70	0.428954	0.440476	0.451761
464	73	71	80	0.455764	0.428571	0.444104
465	82	69	78	0.455764	0.440476	0.451761
466	71	81	71	0.428954	0.428571	0.451761
467	73	83	72	0.428954	0.428571	0.444104
468	82	72	81	0.455764	0.440476	0.444104
469	70	69	80	0.455764	0.428571	0.444104
470	70	67	68	0.455764	0.440476	0.444104
471	82	82	70	0.428954	0.428571	0.451761
472	79	83	78	0.455764	0.428571	0.444104
473	71	70	80	0.428954	0.440476	0.451761
474	82	69	68	0.455764	0.440476	0.451761
475	79	68	68	0.428954	0.428571	0.451761
476	72	82	71	0.428954	0.428571	0.444104
477	83	84	81	0.455764	0.440476	0.451761
478	81	72	79	0.428954	0.428571	0.444104
479	70	68	69	0.428954	0.428571	0.444104
480	72	69	69	0.455764	0.428571	0.451761
481	81	83	81	0.428954	0.428571	0.451761
482	71	83	82	0.428954	0.440476	0.444104
483	72	69	69	0.428954	0.428571	0.444104
484	82	71	69	0.455764	0.428571	0.451761
485	71	70	75	0.428954	0.428571	0.444104
486	73	82	81	0.455764	0.440476	0.451761
487	84	84	70	0.428954	0.428571	0.451761
488	72	70	71	0.455764	0.428571	0.444104
489	72	70	71	0.428954	0.440476	0.451761
490	81	71	82	0.455764	0.428571	0.444104
491	71	76	75	0.563003	0.547619	0.444104
492	71	76	69	0.563003	0.547619	0.574273
493	76	76	71	0.563003	0.559524	0.581930
494	76	69	76	0.563003	0.547619	0.574273
495	70	68	76	0.563003	0.559524	0.574273
496	77	74	68	0.563003	0.559524	0.574273
497	77	76	69	0.563003	0.547619	0.581930
498	72	78	77	0.563003	0.559524	0.574273
499	77	70	76	0.563003	0.547619	0.574273
500	78	68	67	0.563003	0.559524	0.574273
501	71	67	68	0.455764	0.428571	0.566616
502	74	84	71	0.428954	0.428571	0.444104
503	83	84	82	0.428954	0.440476	0.451761
504	72	69	81	0.428954	0.428571	0.451761
505	72	69	68	0.455764	0.428571	0.444104
506	82	70	69	0.455764	0.428571	0.451761
507	73	83	82	0.428954	0.428571	0.444104
508	74	84	82	0.455764	0.440476	0.451761
509	83	71	70	0.428954	0.428571	0.451761
510	72	69	69	0.428954	0.428571	0.444104
511	72	71	80	0.428954	0.428571	0.451761
512	83	84	82	0.455764	0.428571	0.444104
513	81	83	73	0.455764	0.440476	0.444104
514	76	69	70	0.428954	0.428571	0.451761
515	84	71	70	0.428954	0.428571	0.444104
516	82	72	80	0.455764	0.428571	0.451761
517	73	83	81	0.455764	0.428571	0.451761
518	75	84	71	0.455764	0.428571	0.444104
519	84	72	70	0.428954	0.440476	0.444104
520	72	71	81	0.428954	0.428571	0.451761
521	78	70	77	0.563003	0.428571	0.451761
522	77	76	69	0.563003	0.559524	0.574273
523	72	77	69	0.563003	0.559524	0.574273
524	75	79	77	0.589812	0.547619	0.581930
525	78	70	76	0.563003	0.559524	0.581930
526	71	68	68	0.563003	0.547619	0.574273
527	72	77	69	0.563003	0.559524	0.574273
528	79	79	78	0.563003	0.547619	0.574273
529	71	78	77	0.563003	0.559524	0.574273
530	71	69	77	0.563003	0.559524	0.581930
531	83	70	69	0.428954	0.500000	0.543645
532	79	82	71	0.455764	0.440476	0.451761
533	73	84	82	0.428954	0.428571	0.444104
534	84	85	81	0.455764	0.440476	0.444104
535	82	71	69	0.428954	0.428571	0.451761
536	72	69	70	0.428954	0.428571	0.444104
537	79	83	81	0.428954	0.440476	0.451761
538	84	84	82	0.455764	0.428571	0.451761
539	73	84	72	0.428954	0.428571	0.444104
540	73	72	71	0.428954	0.428571	0.451761
541	84	72	70	0.455764	0.440476	0.451761
542	72	71	82	0.455764	0.428571	0.444104
543	74	84	81	0.455764	0.428571	0.444104
544	84	85	72	0.428954	0.428571	0.451761
545	73	70	72	0.428954	0.428571	0.444104
546	74	71	82	0.428954	0.440476	0.451761
547	83	72	81	0.455764	0.428571	0.451761
548	73	83	72	0.428954	0.428571	0.444104
549	74	84	74	0.428954	0.440476	0.451761
550	84	74	82	0.428954	0.428571	0.444104
551	71	70	76	0.589812	0.559524	0.444104
552	71	69	70	0.563003	0.559524	0.574273
553	77	78	70	0.563003	0.559524	0.581930
554	72	79	77	0.563003	0.547619	0.574273
555	73	79	78	0.589812	0.547619	0.574273
556	78	70	76	0.563003	0.547619	0.574273
557	77	69	69	0.589812	0.559524	0.581930
558	73	79	78	0.563003	0.559524	0.574273
559	79	79	78	0.563003	0.559524	0.574273
560	78	78	77	0.563003	0.559524	0.574273
561	72	70	69	0.428954	0.428571	0.535988
562	83	72	70	0.455764	0.440476	0.444104
563	83	85	83	0.428954	0.428571	0.451761
564	74	85	83	0.428954	0.428571	0.451761
565	85	75	72	0.428954	0.440476	0.451761
566	84	71	71	0.428954	0.428571	0.444104
567	73	71	72	0.455764	0.428571	0.444104
568	75	84	83	0.428954	0.428571	0.444104
569	84	86	81	0.428954	0.440476	0.451761
570	75	74	72	0.428954	0.428571	0.444104
571	75	73	73	0.455764	0.440476	0.444104
572	85	74	83	0.455764	0.428571	0.444104
573	73	83	81	0.455764	0.428571	0.451761
574	74	85	73	0.428954	0.440476	0.444104
575	85	87	74	0.428954	0.428571	0.444104
576	74	74	83	0.455764	0.440476	0.444104
577	74	73	82	0.428954	0.428571	0.451761
578	85	72	70	0.455764	0.428571	0.451761
579	75	83	72	0.428954	0.440476	0.444104
580	75	86	74	0.455764	0.440476	0.451761
581	85	76	83	0.428954	0.428571	0.451761
582	82	72	79	0.428954	0.428571	0.444104
583	73	72	71	0.428954	0.428571	0.451761
584	85	87	74	0.428954	0.428571	0.444104
585	84	86	85	0.428954	0.440476	0.444104
586	74	73	83	0.455764	0.428571	0.451761
587	83	73	83	0.428954	0.428571	0.444104
588	83	72	71	0.428954	0.440476	0.451761
589	83	72	72	0.428954	0.428571	0.451761
590	75	86	85	0.455764	0.428571	0.444104
591	77	87	84	0.428954	0.428571	0.444104
592	84	73	72	0.455764	0.428571	0.444104
593	72	71	70	0.428954	0.440476	0.444104
594	75	74	73	0.428954	0.428571	0.444104
595	84	87	84	0.455764	0.428571	0.451761
596	74	84	78	0.428954	0.428571	0.444104
597	75	73	72	0.455764	0.440476	0.451761
598	85	73	73	0.428954	0.428571	0.451761
599	74	73	83	0.455764	0.428571	0.444104
600	74	86	83	0.455764	0.440476	0.451761
