Time	Hot_Core	Hot_Temp	FL_Set	T_Set	T_Preserve
10	1	57	0	80	0
20	1	67	0	80	0
30	3	65	0	80	0
40	1	68	0	80	0
50	1	68	0	80	0
60	3	69	0	80	0
70	2	67	0	80	0
80	2	68	0	80	0
90	2	71	0	80	0
100	1	69	0	80	0
110	1	68	0	80	0
120	3	72	0	80	0
130	3	70	0	80	0
140	1	60	0	80	0
150	3	71	0	80	0
160	1	72	0	80	0
170	1	70	0	80	0
180	1	68	0	80	0
190	3	72	0	80	0
200	1	64	0	80	0
210	1	67	0	80	0
220	2	74	0	80	0
230	2	76	0	80	0
240	1	76	0	80	0
250	1	77	0	80	0
260	2	76	0	80	0
270	2	75	0	80	0
280	2	76	0	80	0
290	2	78	0	80	0
300	1	76	0	80	0
310	1	75	0	80	0
320	3	77	0	80	0
330	3	78	0	80	0
340	1	68	0	80	0
350	3	78	0	80	0
360	1	79	1	80	0
370	1	74	0	80	0
380	1	69	0	80	0
390	3	79	1	80	0
400	2	73	0	80	0
410	2	80	1	80	0
420	1	76	0	80	0
430	2	82	1	80	0
440	1	76	0	80	0
450	2	79	1	80	0
460	3	75	0	80	0
470	1	70	0	80	0
480	1	72	0	80	0
490	3	82	1	80	0
500	1	78	0	80	0
510	1	72	0	80	0
520	3	81	1	80	0
530	3	77	0	80	0
540	1	73	0	80	0
550	1	84	1	80	0
560	1	78	0	80	0
570	1	75	0	80	0
580	2	86	0	80	0
590	2	86	0	80	0
600	2	86	0	80	0
